148503;3;1.00;1.00;0.33;0.89;0.86;0.33;0.73;0.91;0.82;0.67;1.00;0.50;0.01;-0.00;0.00;0.00;0.00;-0.22;0.22;0.20;0.60;0.44;0.62;0.67;0.56;0.22;0.44;1.00;0.67;0.78;0.22;0.56;0.44;1.00;1.00;0.83;0.67;0.83;0.22;0.22;0.33;0.11;0.44;1.00;0.00;0.00;0.00;0.00;0.56;0.00;0.78;0.00;0.33;0.00;0.40;0.60;0.00;0.80;0.20;0.80;0.40;0.60;0.00;0.00;0.00;0.00;0.00;0.99;0.38
132314;0;1.00;1.00;0.33;0.94;0.43;0.33;0.73;0.91;0.64;0.67;1.00;1.00;0.01;0.02;0.06;0.00;0.00;0.11;0.56;0.20;0.40;0.33;0.62;0.56;0.89;0.56;0.78;0.56;0.67;0.56;0.44;0.78;0.67;1.00;0.67;0.83;0.83;0.83;0.67;0.78;0.11;1.00;0.44;0.56;0.00;0.00;0.00;0.00;1.00;0.00;0.67;0.00;0.13;0.00;1.00;0.00;0.80;0.00;0.00;0.00;0.00;0.00;0.00;0.00;0.00;0.00;0.00;0.99;0.35
201732;0;0.00;0.97;0.33;0.22;0.86;1.00;0.29;0.18;0.45;0.67;1.00;0.50;0.04;-0.00;0.06;0.00;0.01;-0.33;0.33;0.20;0.60;0.33;0.50;0.78;0.56;0.33;0.56;0.89;0.56;0.11;0.22;0.33;0.56;0.83;0.33;0.83;0.83;0.67;0.33;0.44;0.67;0.44;0.44;0.56;0.60;0.00;0.00;0.80;0.56;0.00;0.67;0.00;0.07;0.80;0.00;0.40;0.40;0.40;0.20;0.60;0.20;0.40;0.20;0.20;0.20;0.40;0.00;0.99;0.35
165896;4;0.00;0.98;0.33;0.72;0.86;0.33;0.64;0.82;0.91;0.67;1.00;0.50;0.03;-0.00;0.00;0.00;0.00;0.22;0.56;0.60;1.00;0.33;0.38;0.67;0.44;0.44;0.78;0.67;0.78;1.00;0.67;1.00;0.44;1.00;0.50;1.00;1.00;1.00;0.89;0.89;0.67;0.78;0.67;0.56;0.80;0.20;0.00;0.60;1.00;0.00;0.33;0.00;0.40;0.60;0.60;0.00;0.40;0.40;0.20;0.00;0.20;0.60;0.00;0.60;0.20;0.40;0.00;0.99;0.35
149474;4;0.00;0.98;0.33;0.67;0.86;0.33;0.61;0.82;1.00;0.67;1.00;0.50;0.02;0.00;0.00;0.00;0.00;-0.48;0.84;0.36;0.31;0.30;0.55;0.60;0.57;0.50;0.56;0.46;0.56;0.55;0.61;0.45;0.56;0.57;0.73;0.67;0.60;0.53;0.52;0.56;0.52;0.59;0.47;0.53;0.20;0.19;0.36;0.29;0.50;0.20;0.41;0.07;0.44;0.47;0.25;0.27;0.44;0.20;0.35;0.39;0.43;0.47;0.33;0.40;0.59;0.72;0.40;0.99;0.47
102701;4;0.00;0.75;0.33;0.89;1.00;1.00;0.00;1.00;0.27;0.33;1.00;0.50;0.26;-0.00;0.00;0.00;0.00;-0.22;0.67;0.20;0.20;0.11;0.75;0.78;0.78;0.33;0.33;0.67;0.67;0.22;0.33;0.56;0.44;0.33;0.67;0.33;0.17;0.33;0.33;0.56;0.89;0.56;0.33;0.33;0.20;0.00;0.00;1.00;0.44;0.00;0.44;0.00;0.87;0.40;0.40;0.40;0.40;0.20;0.20;0.20;0.60;0.40;0.00;0.20;0.20;0.40;0.00;0.99;0.41
125086;0;0.00;0.95;0.33;0.22;0.43;1.00;0.60;0.82;0.45;0.67;1.00;0.50;0.06;-0.00;0.00;0.00;0.01;-0.89;0.11;0.20;1.00;0.33;1.00;0.56;1.00;0.11;0.56;1.00;0.89;0.67;0.22;0.67;0.11;1.00;0.50;1.00;0.83;1.00;0.44;0.33;0.11;0.22;0.44;0.22;0.00;0.00;0.00;1.00;0.11;0.20;1.00;0.00;0.87;0.00;0.00;0.00;0.00;0.40;0.00;0.80;0.00;0.00;0.00;0.80;0.00;1.00;0.00;0.99;0.35
46529;0;0.00;0.99;0.33;0.89;0.43;1.00;0.70;0.91;0.09;0.67;1.00;0.50;0.02;0.02;0.12;0.00;0.00;-0.78;0.22;0.20;0.60;0.11;0.88;0.56;1.00;0.44;0.56;0.78;0.44;0.56;0.33;0.22;0.44;0.83;0.50;0.83;0.83;0.83;0.33;0.22;0.11;0.33;1.00;0.44;0.00;0.00;0.00;0.00;0.56;0.00;0.78;0.00;0.33;0.80;0.00;0.60;0.00;1.00;0.00;0.00;0.00;0.00;0.00;0.00;0.00;0.00;0.00;0.99;0.65
66301;4;0.00;0.75;0.33;0.89;1.00;0.33;0.00;1.00;0.45;0.67;1.00;0.50;0.26;0.03;0.00;0.00;0.01;0.22;0.78;0.60;0.20;0.22;0.50;0.56;0.44;0.78;0.33;0.44;0.44;0.56;0.67;0.44;0.33;0.50;0.67;0.33;0.17;0.33;0.78;0.78;0.56;0.33;0.89;0.78;0.00;0.00;0.00;0.00;0.67;0.40;0.89;0.00;0.33;0.00;0.40;0.80;0.00;0.80;0.40;0.60;0.00;0.60;0.00;0.00;0.00;0.00;0.00;0.99;1.00
107873;0;0.00;0.99;0.33;0.89;0.86;1.00;0.49;0.64;0.18;0.67;1.00;0.50;0.02;-0.00;0.06;0.00;0.00;-1.00;0.11;0.20;0.60;0.11;0.38;0.78;0.56;1.00;0.33;0.67;0.44;0.67;0.56;0.22;0.44;1.00;1.00;0.83;1.00;0.67;0.56;0.44;0.44;0.22;0.56;0.67;0.00;0.00;0.00;0.40;0.44;0.00;0.78;0.00;0.40;0.00;0.00;0.60;0.00;0.20;0.80;0.80;0.00;0.00;0.00;0.60;0.00;0.40;0.00;1.00;0.97
126494;4;0.00;0.99;1.00;0.89;0.43;0.33;0.29;0.18;0.36;0.67;1.00;0.50;0.02;0.02;0.06;0.00;0.00;-0.78;0.33;0.20;0.40;0.22;1.00;0.33;1.00;0.11;0.67;0.89;0.56;0.33;0.33;0.22;0.56;1.00;0.67;0.83;0.83;0.83;0.44;0.22;0.44;0.11;0.33;0.89;0.00;0.00;0.00;0.40;0.56;0.00;1.00;0.00;0.33;0.60;0.00;0.60;0.00;0.60;0.40;0.80;0.00;0.00;0.00;0.00;0.40;0.40;0.00;0.99;0.35
81278;4;1.00;1.00;0.67;0.89;0.71;0.33;0.42;0.45;0.64;1.00;1.00;0.50;0.01;0.02;0.06;0.00;0.00;0.44;0.78;0.20;0.20;0.11;0.62;0.89;0.78;0.56;0.44;0.33;0.67;0.67;0.56;0.67;0.22;0.33;0.67;0.33;0.17;0.33;0.78;0.78;0.89;0.44;0.22;0.11;0.40;0.00;0.00;0.40;0.44;0.00;0.44;0.00;0.40;0.00;0.20;0.60;0.60;0.20;0.40;0.60;0.80;0.40;0.00;0.20;0.40;0.40;0.00;0.99;0.41
52664;2;1.00;1.00;0.33;0.17;0.86;0.33;0.52;0.64;1.00;0.67;1.00;0.50;0.01;0.02;0.00;0.00;0.00;-0.27;0.82;0.25;0.41;0.24;0.58;0.62;0.60;0.41;0.51;0.50;0.54;0.47;0.48;0.80;0.50;0.79;0.79;0.54;0.58;0.51;0.59;0.59;0.44;0.67;0.48;0.56;0.27;0.16;0.20;0.19;0.50;0.13;0.52;0.00;0.45;0.43;0.36;0.31;0.24;0.27;0.36;0.43;0.49;0.59;0.55;0.45;0.49;0.61;0.45;0.99;0.53
3734;4;0.00;0.64;0.33;0.28;1.00;0.33;0.00;1.00;0.91;0.67;1.00;0.50;0.36;0.00;0.00;0.00;0.00;0.78;0.67;0.20;0.40;0.11;0.38;0.44;0.33;0.44;0.67;0.56;0.78;1.00;1.00;0.78;0.89;0.67;0.50;0.50;0.50;0.67;0.78;0.78;0.44;0.56;0.89;0.67;0.00;0.00;0.00;0.20;0.11;0.00;0.78;0.80;0.33;0.40;0.80;0.80;0.00;0.60;0.40;0.00;0.00;0.00;0.00;0.00;0.40;0.00;0.00;0.99;0.38
37204;4;0.00;0.73;0.33;0.89;1.00;0.33;0.00;1.00;0.73;0.67;1.00;0.50;0.28;-0.00;0.06;0.00;0.00;-0.22;0.56;0.20;0.20;0.67;0.25;0.78;0.33;0.67;0.78;0.67;0.67;0.33;0.67;0.67;0.56;0.67;0.17;0.50;0.67;0.50;0.67;0.67;0.56;0.78;0.11;0.56;0.40;0.00;0.00;0.20;0.67;0.00;0.89;0.00;0.27;0.40;0.40;0.00;0.80;0.20;0.40;0.00;0.80;0.00;0.80;0.00;0.00;0.40;0.00;0.99;0.65
41532;0;0.00;0.99;0.33;0.89;0.86;1.00;0.53;0.64;0.36;0.67;1.00;0.50;0.02;0.00;0.06;0.00;0.00;-0.22;0.56;0.20;0.60;0.22;0.50;0.44;0.56;0.33;0.78;0.67;0.44;0.78;0.44;0.44;0.89;0.67;0.67;0.67;0.67;0.67;0.67;0.67;0.56;0.78;0.44;0.22;1.00;0.40;0.00;0.80;0.78;0.00;0.22;0.00;0.40;0.80;0.00;0.00;0.00;0.20;0.60;0.40;0.80;0.00;0.00;0.40;0.00;0.80;0.00;0.99;0.68
24960;4;0.00;0.80;0.33;0.89;1.00;0.33;0.65;0.82;0.36;0.33;1.00;0.50;0.21;0.00;0.00;0.00;0.00;0.67;0.78;0.20;0.40;0.22;0.88;0.33;0.89;0.56;0.44;0.56;0.67;0.22;0.67;0.78;0.56;0.33;0.67;0.67;0.67;0.50;0.89;0.89;0.89;0.56;0.67;0.67;0.20;0.00;0.00;0.60;0.56;0.00;0.78;0.00;0.40;0.60;0.40;0.80;0.40;0.20;0.40;0.40;0.20;0.20;0.00;0.00;0.20;0.40;0.00;0.99;0.41
93230;4;0.00;0.98;0.33;0.89;0.86;0.33;0.65;0.82;0.18;0.67;1.00;0.50;0.02;-0.00;0.00;0.00;0.00;0.33;0.78;0.60;0.20;0.22;0.75;0.44;0.89;0.44;0.22;0.44;0.56;0.56;0.78;0.67;0.33;0.50;0.83;0.33;0.33;0.17;0.78;0.78;1.00;0.67;0.78;0.56;0.60;0.00;0.00;0.40;0.44;0.00;0.56;0.00;0.40;0.40;0.40;0.20;0.40;0.40;1.00;0.00;0.00;0.00;0.00;0.00;0.40;0.20;0.00;0.99;1.00
73696;0;1.00;1.00;0.33;0.67;0.86;1.00;0.20;0.09;0.36;0.67;1.00;0.50;0.01;-0.00;0.00;0.00;0.00;-0.44;0.22;0.20;0.60;0.56;0.25;1.00;0.33;0.33;0.56;1.00;0.44;0.33;0.33;0.11;0.44;0.67;0.67;0.83;0.67;0.83;0.11;0.11;0.22;0.11;0.56;1.00;0.00;0.00;0.00;0.00;0.89;0.00;1.00;0.00;0.20;0.60;0.00;1.00;0.00;0.40;0.80;0.00;0.00;0.00;0.00;0.00;0.00;0.00;0.00;0.99;0.68
19766;4;0.00;0.96;0.33;0.11;0.86;1.00;0.44;0.55;0.64;0.67;1.00;0.50;0.05;-0.00;0.00;0.00;0.00;-0.11;0.44;0.20;0.00;0.33;0.62;0.67;0.67;0.67;1.00;0.56;0.78;0.44;0.44;0.56;0.67;0.67;0.33;0.33;0.67;0.33;0.56;0.56;0.44;0.44;0.33;0.56;0.00;0.00;0.00;0.40;0.56;0.00;0.67;0.00;0.20;0.20;0.20;0.80;0.40;0.40;0.20;0.20;0.20;0.20;0.00;0.20;0.20;0.20;0.00;0.99;0.35
100276;3;0.00;0.99;0.33;0.67;0.86;1.00;0.30;0.18;0.18;0.67;1.00;0.50;0.02;0.00;0.00;0.00;0.00;0.22;0.67;0.20;0.20;0.11;0.62;0.44;0.78;0.56;0.44;0.33;0.22;0.56;0.44;0.56;0.56;0.33;0.67;0.50;0.33;0.50;0.67;0.67;0.44;0.89;0.67;0.22;0.80;0.00;0.00;0.60;1.00;0.00;0.11;0.00;0.40;0.40;0.80;0.40;0.40;0.40;0.40;0.00;0.40;0.00;0.60;0.00;0.80;0.40;0.00;0.99;1.00
193717;4;0.00;0.90;0.33;0.22;1.00;0.33;0.55;0.73;0.55;0.33;1.00;0.50;0.11;-0.00;0.00;0.00;0.00;0.56;0.89;0.20;0.20;0.11;0.50;0.22;0.56;0.22;0.67;0.44;0.22;0.56;0.78;0.89;0.11;0.33;0.33;0.33;0.50;0.50;0.89;1.00;0.78;0.89;0.78;0.22;0.20;0.40;0.00;0.60;0.56;0.00;0.33;0.00;0.27;0.40;0.40;0.40;0.40;0.40;0.60;0.20;0.20;0.20;0.20;0.00;0.20;0.40;0.00;0.99;0.65
123422;4;0.00;0.83;0.33;0.17;1.00;0.33;0.42;0.45;0.82;0.33;1.00;0.50;0.18;0.02;0.00;0.00;0.00;0.44;0.56;0.40;0.60;0.44;0.25;0.78;0.33;0.67;0.78;0.67;0.78;0.78;0.78;0.78;0.56;0.50;0.50;0.67;0.83;0.67;0.56;0.56;0.44;0.56;0.56;1.00;0.40;0.00;0.00;0.40;0.67;0.00;0.78;0.00;0.40;0.00;0.40;0.40;0.60;0.00;0.80;0.60;0.00;0.40;0.00;0.60;0.00;0.40;0.00;0.99;0.41
11199;1;1.00;1.00;0.67;0.94;0.43;1.00;0.61;0.82;0.82;0.67;1.00;1.00;0.01;0.00;0.00;0.00;0.00;-0.22;0.44;0.20;0.60;0.44;0.50;0.89;0.67;0.33;0.78;0.78;1.00;0.44;0.33;0.78;0.56;0.83;0.17;0.83;1.00;0.83;0.44;0.33;0.22;0.22;0.11;0.56;0.00;0.00;0.00;0.40;0.44;0.00;0.78;0.00;0.40;0.00;0.00;0.40;0.60;0.00;0.80;0.80;0.00;0.60;0.00;0.00;0.00;0.60;0.00;0.99;0.35
111090;4;0.00;0.65;0.33;0.94;1.00;0.33;0.00;1.00;0.64;0.67;1.00;1.00;0.36;0.00;0.00;0.00;0.00;0.44;0.89;0.20;0.20;0.22;0.50;0.22;0.56;0.67;0.33;0.11;0.44;0.56;0.78;0.67;0.44;0.33;0.50;0.33;0.33;0.33;0.89;1.00;0.78;0.44;0.67;0.22;0.00;0.00;0.00;0.20;0.44;0.00;0.11;0.00;0.40;0.40;0.60;0.80;0.00;0.40;0.60;0.00;0.00;0.80;0.20;0.00;0.00;0.20;0.00;0.99;0.38
125257;4;0.00;0.64;0.67;0.89;1.00;0.33;0.64;0.82;0.27;0.33;1.00;0.50;0.36;-0.00;0.00;0.00;0.01;0.44;0.89;0.60;0.20;0.22;0.38;0.67;0.33;0.56;0.56;0.33;0.78;0.78;0.67;0.67;0.44;0.50;0.67;0.17;0.17;0.17;0.89;0.89;0.89;0.78;0.89;0.67;0.60;0.00;0.00;0.20;0.78;0.00;0.44;0.00;0.40;0.40;0.60;0.40;0.60;0.40;0.40;0.40;0.20;0.40;0.00;0.20;0.20;0.40;0.00;0.99;0.71
127259;4;0.00;0.96;0.33;0.67;0.71;1.00;0.38;0.36;0.91;0.67;1.00;0.50;0.05;-0.00;0.00;0.00;0.00;0.33;0.67;0.60;0.60;0.22;0.38;0.89;0.22;0.78;0.56;0.44;0.11;0.78;0.89;0.44;0.67;0.50;0.17;0.83;1.00;0.83;0.56;0.78;0.78;0.22;0.56;0.78;0.20;0.00;0.00;0.40;0.33;0.00;0.33;0.40;0.40;0.40;0.40;0.40;0.40;0.40;0.40;0.20;0.20;0.40;0.20;0.20;0.20;0.40;0.00;0.99;0.35
138691;4;0.00;0.87;0.33;0.22;1.00;1.00;0.00;1.00;0.09;0.67;1.00;0.50;0.14;-0.00;0.00;0.00;0.00;-0.56;0.33;0.20;0.20;0.11;0.38;0.33;0.33;0.78;0.56;0.44;0.22;0.33;0.22;0.33;0.78;0.67;1.00;0.17;0.17;0.17;0.67;0.67;0.56;0.33;0.11;0.33;0.00;0.00;0.00;0.80;0.44;0.00;0.33;0.00;0.40;0.00;0.00;0.20;0.00;0.20;0.80;0.40;0.60;0.40;0.00;1.00;0.00;0.40;0.00;1.00;1.00
120994;2;0.00;0.83;0.33;0.89;1.00;1.00;0.44;0.55;0.36;0.33;1.00;0.50;0.18;-0.00;0.00;0.00;0.00;0.33;0.89;0.20;0.20;0.22;0.75;0.67;0.89;0.78;0.67;0.22;0.56;0.22;0.56;0.67;0.33;0.33;0.83;0.33;0.17;0.33;0.78;0.78;0.89;0.44;0.56;0.89;0.20;0.00;0.00;0.40;1.00;0.00;0.44;0.00;0.27;0.20;0.20;0.60;0.80;0.40;0.20;0.20;0.40;0.60;0.00;0.40;0.00;0.40;0.00;0.99;0.41
68083;4;0.00;0.86;0.33;0.89;1.00;0.33;0.52;0.64;0.55;1.00;1.00;0.50;0.15;0.02;0.00;0.00;0.00;0.56;0.67;0.20;0.40;0.22;0.50;0.33;0.44;0.44;0.56;0.56;0.44;1.00;0.78;0.78;0.56;0.33;0.50;0.67;0.67;0.50;0.67;0.67;0.56;0.56;0.44;0.56;0.00;0.00;0.00;0.60;0.67;0.00;0.22;0.00;0.40;0.80;0.40;0.00;0.40;0.20;0.40;0.00;0.40;0.40;0.00;0.00;0.40;0.40;0.00;0.99;0.68
4491;0;0.00;0.98;0.33;0.89;0.43;1.00;0.62;0.82;0.91;0.67;1.00;0.50;0.03;0.02;0.00;0.00;0.00;0.89;1.00;0.20;0.20;0.11;0.62;0.56;0.56;0.44;0.11;0.11;0.67;0.89;1.00;1.00;0.11;0.17;0.33;0.33;0.50;0.50;1.00;1.00;0.78;1.00;0.67;0.22;1.00;0.80;0.00;0.40;0.67;0.00;0.33;0.00;0.27;1.00;0.40;0.00;1.00;0.20;0.40;0.20;0.00;0.00;0.00;0.20;0.00;0.40;0.00;0.99;0.35
17681;1;0.00;0.99;0.67;0.50;0.86;1.00;0.57;0.73;0.36;0.67;1.00;0.50;0.02;0.00;0.00;0.00;0.00;-0.33;0.56;0.20;0.20;0.11;0.75;0.44;0.78;0.67;0.33;0.33;0.33;0.22;0.78;0.56;0.44;0.83;0.83;0.17;0.33;0.33;0.67;0.67;0.78;0.33;0.44;0.56;0.20;0.00;0.00;0.60;0.33;0.00;0.67;0.00;0.40;0.40;0.40;0.40;0.20;0.40;0.40;0.20;0.40;0.40;0.20;0.20;0.20;0.40;0.00;1.00;0.38
12419;1;0.00;0.99;0.33;0.89;0.86;0.33;0.45;0.55;0.64;0.67;1.00;0.50;0.02;0.02;0.00;0.00;0.00;0.11;0.67;0.40;0.40;0.67;0.25;0.78;0.22;0.89;0.78;0.67;0.56;0.44;0.56;0.56;0.78;0.17;0.83;0.50;0.50;0.50;0.67;0.67;0.89;0.67;0.56;0.67;0.80;0.00;0.20;0.20;0.78;0.00;0.78;0.00;0.40;0.20;0.60;0.20;0.60;0.60;0.40;0.40;0.20;0.40;0.20;0.20;0.20;0.40;0.00;0.99;0.71
18223;4;0.00;0.88;0.33;0.89;1.00;0.33;0.50;0.64;0.45;0.33;1.00;0.50;0.12;-0.00;0.06;0.00;0.00;-0.11;0.56;0.20;0.20;0.22;0.62;0.44;0.33;0.78;0.44;0.56;0.78;0.56;0.67;0.56;0.67;0.33;0.67;0.50;0.50;0.50;0.67;0.78;0.78;0.89;0.78;0.67;0.80;0.20;0.00;0.80;0.78;0.00;0.22;0.40;0.87;0.40;0.80;0.20;0.60;0.20;0.20;0.00;0.40;0.00;0.20;0.00;0.20;0.80;0.00;0.99;0.97
111431;1;1.00;1.00;0.67;0.89;0.43;1.00;0.40;0.45;0.73;0.67;1.00;0.50;0.01;0.02;0.00;0.00;0.00;0.11;0.44;0.20;0.60;1.00;0.25;0.89;0.22;0.44;0.78;0.78;0.89;0.22;0.22;0.44;0.67;0.83;0.83;0.83;0.67;0.83;0.44;0.33;0.56;0.78;0.67;0.78;0.60;0.00;0.00;0.20;0.56;0.00;0.56;0.00;0.27;0.00;0.00;0.00;1.00;0.60;0.20;0.60;0.00;0.40;0.00;0.00;0.00;0.40;0.00;0.99;0.38
136564;4;1.00;1.00;0.33;0.89;0.86;1.00;0.69;0.91;0.55;0.67;1.00;0.50;0.01;-0.00;0.00;0.00;0.01;-0.11;0.56;0.20;0.40;0.22;1.00;0.33;1.00;0.33;0.78;0.78;0.56;0.89;0.67;0.67;0.56;0.83;0.50;0.83;0.83;0.83;0.78;0.67;0.44;0.33;0.44;0.56;0.00;0.00;0.00;0.80;0.44;0.20;0.89;0.00;0.33;0.00;0.00;0.20;0.60;0.80;0.20;0.00;0.00;0.00;0.60;0.00;0.80;0.60;0.00;0.99;0.35
215641;0;0.00;0.97;0.33;0.89;0.86;0.33;0.20;0.09;0.18;0.67;1.00;0.50;0.04;-0.00;0.00;0.00;0.00;-0.89;0.22;0.20;0.40;0.11;0.38;0.89;0.67;1.00;0.44;0.11;0.11;0.11;0.22;0.11;0.56;0.67;0.67;0.83;1.00;0.67;0.44;0.44;0.11;0.11;0.11;0.11;0.00;0.00;0.00;0.00;0.11;0.00;0.11;0.00;0.07;1.00;0.00;0.00;0.00;0.00;0.00;0.00;0.00;0.00;0.00;0.00;0.00;0.00;0.00;1.00;0.97
80778;0;0.00;0.99;0.33;0.22;0.86;1.00;0.52;0.64;0.55;0.67;1.00;0.50;0.02;0.02;0.00;0.00;0.00;-0.44;0.33;0.20;0.80;0.22;0.88;0.56;0.89;0.56;0.56;0.67;0.78;0.22;0.33;0.56;0.56;1.00;0.33;0.83;1.00;0.83;0.44;0.56;0.44;0.44;0.56;0.22;0.00;0.00;0.00;0.80;0.56;0.00;0.56;0.00;0.40;0.80;0.40;0.40;0.60;0.00;0.40;0.00;0.40;0.00;0.00;0.60;0.80;0.40;0.00;0.99;0.35
1816;3;1.00;1.00;0.33;0.89;0.86;0.33;0.53;0.64;0.55;0.67;1.00;0.50;0.01;0.02;0.00;0.00;0.00;-0.11;0.67;0.20;0.20;0.11;0.38;0.89;0.56;0.78;0.22;0.22;0.33;0.22;0.67;0.67;0.67;0.33;0.67;0.17;0.17;0.17;0.78;0.67;0.56;0.89;0.89;0.44;0.20;0.00;0.20;0.60;0.89;0.00;0.44;0.00;0.40;0.60;0.60;0.60;0.40;0.20;0.40;0.00;0.20;0.00;0.00;0.00;0.40;0.40;0.40;0.99;1.00
73197;4;0.00;0.98;0.33;0.89;0.86;0.33;0.25;0.09;0.09;0.67;1.00;0.50;0.02;-0.00;0.00;0.00;0.00;-0.33;0.33;0.20;0.40;0.11;0.75;0.89;1.00;0.56;1.00;0.44;0.33;0.11;0.22;0.33;0.33;1.00;1.00;0.67;0.67;0.67;0.56;0.44;0.67;0.33;0.56;0.33;0.40;0.00;0.00;0.60;0.44;0.00;0.22;0.00;0.20;0.00;0.00;0.80;0.00;0.20;0.20;0.20;0.20;0.80;0.00;0.20;0.20;0.60;0.00;1.00;0.97
8617;4;0.00;0.82;0.33;0.67;1.00;0.67;0.00;1.00;0.36;0.33;1.00;0.50;0.19;0.00;0.00;0.00;0.00;-0.22;0.44;0.20;0.40;0.33;0.75;0.44;0.67;0.56;0.56;0.67;0.44;1.00;0.67;0.56;0.78;0.33;0.50;0.50;0.67;0.50;0.56;0.67;0.78;0.67;0.67;0.67;0.20;0.00;0.00;0.60;0.67;0.00;0.67;0.00;0.40;0.40;0.40;0.40;0.40;0.40;0.40;0.20;0.20;0.40;0.20;0.40;0.00;0.40;0.00;0.99;0.71
83243;3;1.00;1.00;0.33;0.89;0.43;1.00;0.61;0.82;0.18;0.67;1.00;0.50;0.01;-0.00;0.00;0.00;0.00;-0.33;0.44;0.20;0.20;0.56;0.88;0.33;0.67;0.56;0.44;0.56;0.44;0.56;0.44;0.44;0.56;0.33;0.67;0.50;0.50;0.50;0.33;0.44;0.67;0.22;0.33;0.89;0.00;0.00;0.00;1.00;0.33;0.00;0.67;0.00;0.87;0.00;0.40;0.40;0.20;0.20;0.40;0.00;0.80;0.40;0.00;0.00;0.60;1.00;0.00;0.99;0.38
204321;3;0.00;0.99;0.67;0.83;0.43;0.33;0.50;0.64;0.18;0.67;1.00;0.50;0.02;0.00;0.12;0.00;0.00;-0.78;0.22;0.20;0.60;0.33;0.38;0.67;0.56;0.44;1.00;0.89;0.67;0.11;0.22;0.22;0.78;0.67;0.67;0.83;1.00;0.67;0.33;0.33;0.56;0.33;0.78;0.89;0.00;0.00;0.00;0.40;0.33;0.00;0.67;0.00;0.40;0.00;0.40;0.40;0.40;0.60;0.80;0.00;0.00;0.00;0.00;0.00;0.40;0.40;0.00;0.99;0.97
6132;0;0.00;0.92;0.33;0.67;0.43;0.33;0.77;0.91;0.27;0.67;1.00;0.50;0.09;-0.00;0.06;0.00;0.00;-0.11;0.67;0.20;0.20;0.11;0.75;0.67;0.78;0.56;0.56;0.44;0.67;0.44;0.56;0.44;0.33;0.33;0.67;0.17;0.33;0.50;0.56;0.67;0.67;0.44;0.33;0.67;0.20;0.00;0.20;0.20;0.78;0.00;0.78;0.20;0.40;0.40;0.20;0.40;0.40;0.40;0.60;0.20;0.40;0.40;0.20;0.00;0.20;0.20;0.00;0.99;0.97
160666;0;0.00;0.94;0.33;0.67;0.86;1.00;0.50;0.64;0.73;0.67;1.00;0.50;0.07;-0.00;0.00;0.00;0.00;-0.44;0.33;0.20;0.80;0.56;0.62;0.67;0.67;0.33;0.44;0.89;0.78;0.33;0.33;0.33;0.44;0.83;0.17;1.00;1.00;0.67;0.44;0.44;0.44;0.56;0.56;0.67;0.00;0.00;0.00;0.60;0.33;0.00;0.89;0.00;0.33;0.40;0.60;0.40;0.00;0.60;0.20;0.80;0.40;0.60;0.00;0.00;0.40;0.60;0.00;0.99;0.35
388;4;0.00;0.96;0.33;0.89;0.43;1.00;0.48;0.64;0.45;0.67;1.00;0.50;0.05;-0.00;0.00;0.00;0.01;0.56;0.78;0.60;0.20;0.11;0.62;0.33;0.67;0.67;0.44;0.44;0.56;0.67;0.78;0.67;0.56;0.33;0.67;0.17;0.17;0.17;0.89;0.89;0.89;0.44;0.67;0.56;0.60;0.00;0.00;0.60;0.78;0.00;0.78;0.60;0.40;0.20;0.20;0.40;0.40;0.40;0.40;0.60;0.40;0.80;0.00;0.20;0.00;0.60;0.00;0.99;0.71
24593;2;0.00;0.92;0.33;0.89;0.71;1.00;0.47;0.55;0.36;0.67;1.00;1.00;0.09;-0.00;0.00;0.00;0.00;-0.22;0.44;0.20;0.60;0.56;0.62;0.56;0.67;0.67;0.78;0.56;0.67;0.33;0.33;0.33;0.33;0.83;0.83;0.83;0.67;0.83;0.44;0.56;0.44;0.44;0.56;0.44;0.00;0.00;0.00;0.20;0.44;0.00;0.11;0.00;0.33;0.00;0.40;0.40;0.60;0.80;0.20;0.00;0.00;1.00;0.00;0.00;0.00;0.40;0.00;0.99;0.38
1603;1;1.00;1.00;0.33;0.89;0.86;1.00;0.45;0.55;0.36;0.67;1.00;0.50;0.01;0.00;0.00;0.00;0.00;0.44;0.89;0.60;0.20;0.11;0.50;0.11;0.22;0.78;0.67;0.11;0.44;1.00;0.89;0.78;0.44;0.33;0.67;0.17;0.17;0.17;1.00;1.00;0.44;0.78;0.78;0.44;0.60;0.20;0.00;0.60;1.00;0.00;0.22;0.00;0.40;0.20;0.40;0.20;0.00;0.20;0.60;0.00;0.00;1.00;0.00;0.20;0.40;0.40;0.00;0.99;1.00
61183;4;0.00;0.96;0.33;0.06;0.86;0.33;0.35;0.36;0.82;0.67;1.00;0.50;0.05;-0.00;0.00;0.00;0.00;-0.11;0.56;0.20;0.60;0.33;0.38;0.89;0.56;0.67;0.67;0.56;0.89;0.22;0.33;0.78;0.44;0.83;0.17;0.83;1.00;0.83;0.78;0.67;0.44;0.67;0.33;0.67;0.00;0.00;0.00;0.20;0.78;0.00;0.56;0.00;0.27;0.00;0.40;0.80;1.00;0.00;0.20;0.00;0.60;0.80;0.40;0.00;0.00;0.40;0.00;0.99;0.35
141855;4;0.00;0.76;0.33;0.89;1.00;0.33;0.47;0.55;0.82;0.67;1.00;0.50;0.25;0.00;0.00;0.00;0.00;0.44;0.78;0.20;0.20;0.89;0.88;0.33;0.67;0.56;0.78;0.33;0.78;0.44;0.56;0.89;0.33;0.67;0.33;0.50;0.50;0.50;0.89;0.89;0.56;1.00;0.67;0.22;0.40;0.00;0.60;0.20;0.67;0.00;0.11;0.00;0.27;0.40;0.00;0.40;0.80;0.20;0.40;0.00;0.60;0.00;0.20;0.00;0.20;0.20;0.80;0.99;0.35
47465;0;0.00;0.99;0.33;0.89;0.86;1.00;0.69;0.91;0.73;0.67;1.00;0.50;0.02;-0.00;0.00;0.00;0.00;0.33;0.67;0.20;0.20;0.78;1.00;0.56;0.33;0.67;0.56;0.44;0.56;0.67;0.78;0.67;0.22;0.50;0.33;0.50;0.50;0.50;0.78;0.67;0.56;0.89;0.44;0.67;0.20;0.00;0.00;0.40;0.89;0.00;0.67;0.00;0.27;0.80;0.40;0.80;0.80;0.20;0.20;0.00;0.00;0.40;0.00;0.40;0.00;0.40;0.00;0.99;0.35
178353;0;0.00;0.99;0.33;0.67;0.86;0.33;0.37;0.36;0.82;0.67;1.00;0.50;0.02;-0.00;0.00;0.00;0.00;0.56;0.67;0.20;0.20;0.22;0.50;0.67;0.44;0.67;0.44;0.44;0.89;0.33;0.78;0.67;0.33;0.17;0.67;0.50;0.50;0.33;0.67;0.56;0.44;0.67;0.56;0.78;0.00;0.00;0.00;0.20;0.67;0.00;0.89;0.00;0.33;0.80;0.40;0.40;0.40;0.80;0.20;0.40;0.00;0.40;0.00;0.00;0.40;0.00;0.00;0.99;0.71
49978;2;1.00;1.00;0.33;0.89;0.71;0.33;0.56;0.73;0.36;0.67;1.00;0.50;0.01;-0.00;0.00;0.00;0.00;0.44;0.67;0.20;0.20;0.11;0.62;0.22;0.67;0.78;0.11;0.56;0.56;0.56;0.56;0.67;0.67;0.17;0.83;0.50;0.50;0.17;0.78;0.78;0.78;0.67;0.67;0.67;0.20;0.00;0.20;0.20;0.22;0.00;0.44;0.00;0.40;0.40;0.40;0.60;0.20;0.20;0.60;0.00;0.40;0.40;0.00;0.00;0.20;0.40;0.00;0.99;0.41
15387;4;1.00;1.00;0.33;0.89;0.43;1.00;0.49;0.64;0.55;0.67;1.00;0.50;0.01;0.02;0.00;0.00;0.00;0.44;0.89;0.20;0.20;0.22;0.50;0.78;0.44;0.78;0.33;0.22;0.44;0.89;0.78;0.78;0.33;0.17;0.67;0.50;0.50;0.17;0.78;0.89;0.89;0.89;0.67;0.33;0.00;0.00;0.20;0.20;0.89;0.00;0.44;0.00;0.40;0.20;0.40;0.40;0.60;0.60;0.40;0.20;0.20;0.40;0.00;0.00;0.00;0.40;0.60;0.99;0.71
12429;3;1.00;1.00;0.33;0.89;0.86;0.33;0.62;0.82;0.73;0.67;1.00;0.50;0.01;-0.00;0.00;0.00;0.00;0.11;0.44;0.20;0.40;0.11;0.62;0.33;0.56;0.89;0.44;0.56;0.56;0.67;0.67;0.56;0.44;0.33;0.67;0.50;0.50;0.50;0.56;0.78;0.56;0.33;0.44;0.67;0.00;0.00;0.00;0.20;0.33;0.00;0.78;0.00;0.40;0.40;0.40;0.60;0.40;0.40;0.40;1.00;0.00;0.00;0.00;0.00;0.00;0.20;0.00;0.99;0.71
25360;4;1.00;1.00;0.33;0.89;0.43;0.33;0.69;0.91;0.45;0.67;1.00;0.50;0.01;-0.00;0.00;0.00;0.01;0.33;0.67;0.20;0.00;0.44;0.50;0.44;0.44;0.56;0.67;0.44;0.56;1.00;1.00;0.44;0.56;0.33;0.67;0.17;0.33;0.33;0.67;0.67;0.56;0.56;0.67;0.56;0.00;0.00;0.00;0.40;0.56;0.00;0.56;0.00;0.33;0.00;0.00;0.00;0.00;0.00;0.00;0.00;0.00;0.00;0.00;0.00;0.00;0.00;0.00;0.99;0.68
43991;3;1.00;1.00;0.33;0.89;0.43;0.33;0.53;0.64;0.45;0.67;1.00;0.50;0.01;0.02;0.00;0.00;0.00;0.44;0.67;0.40;0.20;0.22;0.62;0.44;0.78;0.44;0.44;0.56;0.44;0.67;0.89;0.56;0.56;0.17;0.50;0.50;0.33;0.50;0.67;0.56;0.78;0.33;0.67;1.00;0.40;0.00;0.00;0.20;0.33;0.00;0.89;0.00;0.20;0.60;0.00;0.80;0.20;0.60;0.40;0.60;0.00;0.40;0.00;0.00;0.20;0.20;0.00;0.99;1.00
112153;3;0.00;0.99;0.33;0.72;0.43;0.33;0.50;0.64;0.55;0.67;1.00;0.50;0.02;-0.00;0.00;0.00;0.00;-0.78;0.11;0.20;1.00;0.78;0.62;0.56;0.78;0.56;0.44;1.00;1.00;0.67;0.56;0.44;0.67;1.00;0.33;1.00;1.00;1.00;0.33;0.44;0.44;0.33;0.78;0.89;0.00;0.20;0.00;0.40;0.67;0.00;0.67;0.20;0.40;0.40;0.60;0.40;0.40;0.60;0.40;0.20;0.20;0.40;0.00;0.20;0.00;0.40;0.00;0.99;0.35
52307;4;1.00;1.00;0.33;0.56;0.86;1.00;0.29;0.18;0.64;0.67;1.00;0.50;0.01;0.00;0.00;0.00;0.00;0.33;0.56;0.20;0.20;0.22;0.25;0.78;0.11;0.56;0.67;0.56;0.67;0.78;0.67;0.56;0.67;0.33;0.50;0.50;0.50;0.50;0.56;0.67;0.44;0.78;0.78;0.56;0.00;0.00;0.60;0.40;0.44;0.00;0.56;0.00;0.07;0.80;0.40;0.00;0.60;0.40;0.20;0.00;0.40;0.80;0.00;0.60;0.00;0.40;0.00;0.99;0.38
54112;2;1.00;1.00;0.33;0.89;0.86;1.00;0.58;0.73;0.64;0.67;1.00;0.50;0.01;-0.00;0.00;0.00;0.00;0.33;0.67;0.20;0.20;0.11;0.62;0.78;0.78;0.56;0.22;0.44;0.67;0.11;0.67;0.67;0.67;0.50;0.83;0.17;0.17;0.17;0.56;0.56;0.67;0.33;0.67;0.67;0.00;0.00;0.00;0.40;0.56;0.00;0.56;0.00;0.40;0.60;0.20;0.60;0.40;0.60;0.60;0.20;0.20;0.00;0.20;0.20;0.00;0.40;0.00;0.99;0.41
159007;2;1.00;1.00;0.33;0.89;0.86;0.33;0.48;0.64;0.55;0.67;1.00;0.50;0.01;-0.00;0.00;0.00;0.00;0.67;0.78;0.40;0.20;0.56;0.62;0.56;0.44;1.00;0.56;0.11;0.56;0.78;0.44;0.67;0.56;0.17;0.83;0.50;0.50;0.17;0.78;0.89;0.78;0.67;0.22;0.67;0.40;0.00;0.00;0.40;0.67;0.00;0.67;0.00;0.40;0.40;0.60;0.20;0.20;0.20;0.60;0.60;0.20;0.60;0.00;0.60;0.00;0.40;0.00;0.99;1.00
49541;4;0.00;0.79;0.33;0.89;1.00;1.00;0.45;0.55;0.09;0.67;1.00;0.50;0.21;0.02;0.00;0.00;0.00;-0.11;0.56;0.20;0.20;0.11;0.75;0.56;0.78;0.56;0.56;0.44;0.44;0.78;0.44;0.44;0.33;0.83;0.83;0.33;0.33;0.33;0.67;0.56;0.67;0.56;0.33;0.67;0.00;0.00;0.00;0.40;0.33;0.00;0.44;0.00;0.40;0.40;0.00;0.40;0.20;0.60;0.40;0.20;0.20;0.60;0.00;0.00;0.20;0.40;0.00;1.00;0.97
15838;2;1.00;1.00;0.33;0.67;0.86;0.33;0.73;0.91;0.45;0.67;1.00;0.50;0.01;0.00;0.00;0.00;0.00;0.11;0.44;0.20;0.20;0.44;0.75;0.56;0.67;0.67;0.44;0.67;0.67;0.44;0.56;0.56;0.22;0.50;0.67;0.50;0.50;0.50;0.44;0.56;0.56;0.22;0.67;0.67;0.20;0.00;0.00;0.80;0.67;0.00;0.89;0.00;0.40;0.40;0.40;0.20;0.20;0.20;0.60;0.40;0.20;0.80;0.00;0.40;0.00;0.80;0.00;0.99;0.38
173116;2;1.00;1.00;0.33;0.17;0.43;1.00;0.74;0.91;0.45;0.67;1.00;0.50;0.01;-0.00;0.00;0.00;0.00;-0.56;0.33;0.60;0.80;0.22;0.62;0.67;0.89;1.00;0.67;0.44;0.56;0.56;0.78;0.56;0.56;1.00;0.50;0.83;0.83;0.83;0.56;0.56;0.44;0.78;0.11;0.56;0.20;0.40;0.00;0.40;0.67;0.00;0.22;0.00;0.07;0.80;0.60;0.20;0.00;0.40;0.20;0.60;0.20;0.60;0.00;0.20;0.40;0.60;0.00;1.00;0.35
119628;4;0.00;0.80;0.67;0.89;1.00;0.33;0.00;1.00;0.36;0.33;1.00;0.50;0.21;-0.00;0.00;0.00;0.01;0.11;0.56;0.20;0.00;0.11;0.75;0.22;0.56;0.44;0.56;0.56;0.67;0.44;0.56;0.78;0.22;0.33;0.67;0.17;0.33;0.33;0.89;0.89;0.67;0.56;0.78;0.56;0.00;0.00;0.00;0.20;0.56;0.00;0.56;0.00;0.40;0.00;0.00;0.00;0.00;0.00;0.00;0.00;0.00;0.00;0.00;0.00;0.00;0.00;0.00;0.99;0.68
9072;4;0.00;0.99;0.33;0.44;0.43;1.00;0.61;0.82;0.55;0.67;1.00;0.50;0.02;-0.00;0.00;0.00;0.00;0.11;0.56;0.20;0.20;0.44;0.38;0.89;0.44;0.22;0.78;0.67;0.89;0.11;0.67;0.44;0.56;0.67;0.17;0.50;0.67;0.50;0.44;0.44;0.44;0.33;0.33;0.44;0.40;0.00;0.00;0.80;0.67;0.00;0.67;0.00;0.40;0.40;0.00;0.40;0.00;0.00;1.00;0.00;0.00;0.40;0.00;0.00;1.00;0.00;0.00;0.99;0.65
157966;3;1.00;1.00;0.33;0.89;0.43;1.00;0.69;0.91;0.45;0.67;1.00;0.50;0.01;-0.00;0.00;0.00;0.00;0.67;0.78;0.20;0.20;0.22;0.75;0.44;0.89;0.78;0.56;0.44;0.56;0.67;0.56;0.67;0.56;0.17;0.50;0.17;0.17;0.17;0.78;0.67;0.89;0.56;0.89;0.67;0.20;0.00;0.00;0.60;0.78;0.00;0.44;0.00;0.33;0.00;0.60;0.40;0.40;0.40;0.40;0.40;0.20;0.20;0.20;0.20;0.00;0.40;0.00;0.99;0.41
220095;1;1.00;1.00;0.67;0.94;0.43;1.00;0.56;0.73;0.64;0.67;1.00;1.00;0.01;0.00;0.00;0.00;0.00;-0.22;0.67;0.20;0.20;0.44;0.75;0.44;0.78;0.44;0.44;0.67;0.78;0.56;0.56;0.67;0.44;0.50;0.50;0.33;0.50;0.33;0.67;0.56;0.56;0.56;0.44;0.78;0.00;0.00;0.00;0.40;0.78;0.00;0.78;0.00;0.33;0.40;0.20;0.80;0.40;0.80;0.20;0.20;0.00;0.40;0.00;0.40;0.00;0.40;0.00;0.99;0.35
216571;2;0.00;0.96;0.67;0.83;0.43;0.33;0.28;0.18;0.45;0.67;1.00;0.50;0.05;-0.00;0.00;0.00;0.00;0.33;0.78;0.20;0.20;0.11;0.50;0.44;0.33;0.67;0.33;0.44;0.67;0.78;0.78;0.78;0.33;0.50;0.67;0.33;0.33;0.33;0.78;0.89;0.89;0.67;0.44;0.44;0.00;0.00;0.00;0.20;0.33;0.00;0.67;0.00;0.33;0.00;0.60;0.40;0.60;0.60;0.40;0.80;0.20;0.40;0.00;0.00;0.00;0.40;0.00;0.99;0.38
213593;0;0.00;0.99;0.33;0.67;0.43;0.33;0.65;0.82;0.91;0.67;1.00;0.50;0.02;0.02;0.12;0.00;0.01;0.78;0.78;0.20;0.00;0.11;0.50;0.11;0.44;0.67;0.33;0.56;0.22;1.00;0.78;0.78;0.33;0.33;0.83;0.17;0.50;0.17;0.78;0.78;0.78;0.67;0.33;0.44;0.00;0.00;0.00;0.20;0.56;0.00;0.56;0.00;0.40;0.00;0.00;0.00;0.00;0.00;0.00;0.00;0.00;0.00;0.00;0.00;0.00;0.00;0.00;0.99;0.71
23055;4;1.00;1.00;0.33;0.89;0.86;0.33;0.37;0.36;0.18;0.67;1.00;0.50;0.01;0.00;0.00;0.00;0.00;0.33;0.89;0.20;0.20;0.56;0.38;0.11;0.22;0.67;0.56;0.33;0.33;0.67;0.67;0.78;0.33;0.33;0.83;0.33;0.17;0.33;0.89;0.78;0.89;0.67;0.56;0.33;0.40;0.00;0.00;0.20;0.89;0.00;0.56;0.00;0.40;0.40;0.20;0.40;0.40;0.40;0.40;0.40;0.20;0.20;0.20;0.00;0.60;0.40;0.00;0.99;0.71
117112;1;1.00;1.00;1.00;0.56;0.43;0.33;0.54;0.73;0.55;0.67;1.00;0.50;0.01;-0.00;0.00;0.00;0.00;-0.33;0.33;0.20;0.40;0.22;0.75;0.44;0.67;0.56;0.89;0.56;0.33;0.11;0.22;0.33;0.44;0.67;0.67;0.50;0.67;0.50;0.33;0.44;0.44;0.11;0.56;0.67;0.00;0.00;0.00;0.20;0.78;0.00;0.67;0.00;0.40;0.40;0.80;0.40;0.40;0.40;0.40;0.40;0.00;0.80;0.00;0.60;0.00;0.00;0.00;0.99;0.38
18795;2;0.00;0.96;0.33;0.89;0.43;1.00;0.67;0.91;0.36;0.67;1.00;1.00;0.05;-0.00;0.00;0.00;0.00;-0.33;0.33;0.20;0.60;0.67;0.62;0.78;0.78;0.67;0.44;0.78;0.22;0.22;0.56;0.33;0.56;0.83;0.50;0.83;0.83;0.83;0.22;0.44;0.33;0.56;0.56;0.67;0.00;0.00;0.00;0.20;0.56;0.00;0.89;0.00;0.33;0.80;0.00;0.40;0.80;0.80;0.40;0.00;0.00;0.00;0.00;0.00;0.00;0.40;0.00;0.99;0.35
104647;4;1.00;1.00;0.33;0.67;0.43;0.33;0.59;0.82;0.64;0.67;1.00;0.50;0.01;0.00;0.00;0.00;0.00;0.78;0.89;0.40;0.20;0.22;0.38;0.67;0.44;0.44;0.56;0.44;0.56;0.89;0.56;0.67;0.33;0.17;0.67;0.33;0.33;0.17;0.78;0.67;0.89;0.67;1.00;0.67;0.40;0.20;0.20;0.20;0.67;0.00;0.78;0.00;0.33;0.40;0.60;0.20;0.20;0.80;0.20;0.40;0.20;0.20;0.20;0.20;0.20;0.40;0.00;0.99;0.41
38446;4;0.00;0.99;0.33;0.56;0.43;0.33;0.74;0.91;0.91;0.67;1.00;0.50;0.02;-0.00;0.00;0.00;0.01;0.89;0.89;0.40;0.60;0.22;0.38;0.67;0.44;0.44;1.00;0.44;0.78;1.00;0.78;1.00;0.11;0.67;0.33;0.83;0.83;1.00;1.00;1.00;0.56;1.00;0.44;0.22;0.60;0.00;0.40;0.20;1.00;0.00;0.56;0.00;0.13;0.80;1.00;0.00;0.40;0.00;0.40;0.00;0.20;0.40;0.80;0.00;0.00;0.20;0.00;0.99;0.35
192234;3;0.00;0.91;0.33;0.94;0.29;0.33;0.47;0.55;0.36;0.33;0.50;0.50;0.10;0.00;0.00;0.00;0.00;0.22;0.56;0.40;0.20;0.44;0.62;0.44;0.56;0.44;0.44;0.56;0.67;0.11;0.44;0.44;0.67;0.50;0.67;0.50;0.50;0.33;0.56;0.56;0.67;0.44;0.33;0.56;0.20;0.00;0.00;0.60;0.56;0.00;0.78;0.00;0.40;0.60;0.60;0.40;0.60;0.00;0.40;0.00;0.20;0.00;0.00;0.00;0.60;0.60;0.00;0.99;0.71
78358;4;0.00;0.73;0.33;0.89;1.00;0.33;0.00;1.00;0.09;0.33;1.00;0.50;0.28;-0.00;0.00;0.00;0.00;-0.56;0.56;0.20;0.20;0.11;0.75;0.44;1.00;0.67;0.11;0.44;0.56;0.56;0.44;0.33;0.44;0.83;1.00;0.33;0.33;0.17;0.67;0.67;0.78;0.33;0.56;0.33;0.00;0.00;0.00;0.20;1.00;0.00;0.67;0.00;0.40;1.00;0.00;0.00;0.40;0.20;0.60;0.60;0.00;0.80;0.00;0.20;0.00;0.20;0.00;1.00;0.71
134550;4;1.00;1.00;1.00;0.89;0.29;0.33;0.23;0.09;0.55;0.67;1.00;0.50;0.01;0.00;0.00;0.00;0.00;0.89;0.89;0.20;0.20;0.22;0.50;0.78;0.11;0.78;0.44;0.44;0.56;0.89;1.00;0.78;0.56;0.17;0.67;0.33;0.33;0.33;0.89;0.89;0.67;0.89;0.33;0.78;0.20;0.00;0.40;0.40;0.44;0.00;0.78;0.00;0.20;0.60;0.40;0.80;0.00;0.40;0.40;0.00;0.00;0.00;0.40;0.00;0.20;0.40;0.40;0.99;0.71
161083;0;1.00;1.00;0.33;0.89;0.43;0.33;0.44;0.55;0.27;0.67;1.00;0.50;0.01;0.00;0.00;0.00;0.00;0.11;0.67;0.20;0.20;0.33;0.50;0.67;0.56;0.56;0.56;0.44;0.44;0.44;0.56;0.56;0.56;0.50;0.67;0.33;0.33;0.33;0.56;0.67;0.67;0.44;0.78;0.56;0.00;0.00;0.00;0.60;0.56;0.00;0.33;0.00;0.40;0.80;0.40;0.20;0.40;0.40;0.40;0.00;0.80;0.00;0.00;0.20;0.20;0.60;0.00;0.99;0.38
56149;4;0.00;0.98;0.33;0.89;0.86;0.33;0.63;0.82;0.73;0.67;1.00;0.50;0.02;-0.00;0.00;0.00;0.03;-0.44;0.44;0.80;0.80;0.33;0.38;0.78;0.44;0.11;0.89;0.78;0.67;0.44;0.67;0.89;0.44;0.67;0.17;1.00;1.00;0.67;0.67;0.44;0.11;0.22;0.22;0.78;0.00;0.00;0.00;0.00;0.56;1.00;0.67;0.00;0.40;0.00;0.00;0.00;0.60;0.00;0.60;0.80;0.80;0.00;0.00;0.00;0.00;0.00;0.00;1.00;0.35
39920;0;0.00;0.99;0.33;0.83;0.43;0.33;0.56;0.73;0.36;0.67;1.00;0.50;0.02;0.00;0.00;0.00;0.00;-0.22;0.44;0.20;0.40;0.78;0.62;0.67;0.56;0.22;0.78;0.67;0.44;0.89;0.44;0.44;0.67;0.67;0.67;0.67;0.67;0.50;0.44;0.33;0.33;0.56;0.56;0.78;0.00;0.00;0.00;0.60;0.33;0.00;0.67;0.00;0.40;0.60;1.00;0.00;0.00;0.20;0.60;0.60;0.00;0.00;0.00;0.00;0.00;0.60;0.00;0.99;0.38
160614;4;0.00;0.79;0.67;0.89;1.00;0.33;0.50;0.64;0.09;0.33;1.00;0.50;0.22;0.02;0.00;0.00;0.00;-1.00;0.33;0.60;0.40;0.22;0.75;0.56;0.44;0.44;0.89;0.78;0.33;0.33;0.44;0.22;0.56;0.83;0.67;0.67;0.83;0.50;0.56;0.44;0.67;0.33;0.67;0.56;0.20;0.00;0.00;0.40;0.78;0.00;0.78;0.00;0.40;0.00;0.00;0.60;0.40;0.40;0.40;0.40;0.40;0.40;0.20;0.00;0.20;0.40;0.00;1.00;0.97
71146;4;0.00;0.96;0.33;0.89;0.86;1.00;0.61;0.82;0.18;0.67;1.00;0.50;0.05;-0.00;0.00;0.00;0.00;-0.11;0.67;0.40;0.20;0.22;0.88;0.56;1.00;0.56;0.67;0.11;0.56;0.78;0.67;0.56;0.44;0.67;0.50;0.33;0.50;0.33;0.78;0.67;0.44;0.78;0.67;0.67;1.00;0.00;0.00;0.80;0.67;0.00;0.33;0.00;0.20;0.60;0.00;0.60;0.40;0.40;0.20;0.00;0.00;0.80;0.00;0.00;0.80;0.60;0.00;1.00;0.97
58959;4;0.00;0.96;0.67;0.44;0.43;1.00;0.24;0.09;0.27;0.67;1.00;0.50;0.05;-0.00;0.00;0.00;0.00;-0.22;0.44;0.20;0.40;0.11;0.12;0.89;0.22;0.22;0.44;0.89;0.78;0.78;0.44;0.44;0.67;0.67;0.50;0.67;0.83;0.67;0.44;0.56;0.56;0.78;0.67;0.44;0.40;0.00;0.20;0.60;0.56;0.00;0.67;0.00;0.40;0.40;0.20;0.40;0.60;0.20;0.40;0.00;0.60;0.40;0.20;0.40;0.00;0.40;0.00;0.99;0.65
210830;4;1.00;1.00;0.33;0.89;0.71;0.33;0.55;0.73;0.91;0.67;1.00;0.50;0.01;0.02;0.00;0.00;0.01;0.56;0.78;0.80;0.80;0.22;0.75;0.33;0.67;0.33;0.67;0.56;0.44;0.89;0.78;0.89;0.56;0.33;0.33;0.83;0.83;0.83;0.89;0.89;0.56;0.78;0.44;0.33;0.00;0.40;0.40;0.20;0.67;0.40;0.56;0.00;0.40;0.00;0.60;0.20;0.40;0.60;0.60;0.40;0.60;0.00;0.00;0.00;0.00;0.20;0.00;0.99;0.65
209294;3;1.00;1.00;0.67;0.89;0.43;1.00;0.59;0.82;0.36;0.67;1.00;0.50;0.01;-0.00;0.00;0.00;0.00;0.44;0.78;0.20;0.20;0.11;0.75;0.56;0.67;0.56;0.33;0.44;0.89;0.44;0.56;0.67;0.44;0.50;0.33;0.17;0.50;0.33;0.89;0.78;0.67;0.67;0.56;0.44;0.00;0.00;0.00;0.20;0.56;0.00;0.33;0.00;0.40;0.60;0.40;0.20;0.80;0.40;0.40;0.00;0.40;0.40;0.40;0.60;0.00;0.00;0.00;0.99;0.35
183841;2;0.00;0.95;0.33;0.89;0.43;0.33;0.38;0.36;0.55;0.33;1.00;0.50;0.06;0.00;0.00;0.00;0.00;-0.11;0.56;0.80;0.40;0.67;0.12;0.22;0.33;0.44;0.67;0.67;0.67;0.11;0.78;0.44;0.56;0.50;0.50;0.67;0.67;0.67;0.56;0.56;0.44;0.67;0.78;0.67;0.00;0.00;0.60;0.80;0.33;0.00;0.67;0.00;0.87;0.60;0.40;0.60;0.00;0.40;0.20;0.40;0.40;0.60;0.00;0.00;0.00;0.80;0.00;0.99;0.65
80710;1;1.00;1.00;0.33;0.89;0.86;0.33;0.62;0.82;0.27;0.67;1.00;0.50;0.01;-0.00;0.00;0.00;0.00;-0.78;0.22;0.20;0.60;0.22;0.50;1.00;0.89;0.56;0.89;0.78;0.22;0.22;0.22;0.33;0.33;1.00;0.50;0.67;0.83;0.83;0.44;0.22;0.33;0.56;0.33;0.89;0.00;0.00;0.00;0.60;0.11;0.00;0.78;0.00;1.00;0.00;0.00;0.40;0.00;0.20;0.20;0.00;0.40;0.60;1.00;0.00;0.60;0.40;0.00;1.00;0.94
172300;4;1.00;1.00;0.33;0.89;0.86;0.33;0.39;0.45;0.36;0.67;1.00;0.50;0.01;0.00;0.00;0.00;0.00;0.22;0.67;0.20;0.40;0.11;0.25;0.44;0.33;0.44;0.33;0.56;0.67;0.44;0.67;0.56;0.56;0.33;0.50;0.50;0.50;0.50;0.56;0.67;0.67;0.67;0.56;0.78;0.20;0.00;0.00;0.20;1.00;0.00;0.67;0.00;0.20;0.60;0.00;0.80;0.60;0.40;0.20;0.20;0.00;0.60;0.00;0.00;0.00;0.40;0.00;0.99;0.41
177812;2;1.00;1.00;0.33;0.11;0.86;0.33;0.34;0.27;0.64;0.67;1.00;0.50;0.01;0.00;0.00;0.00;0.00;0.89;1.00;0.60;0.20;0.22;0.50;0.33;0.22;0.67;0.22;0.22;0.67;0.67;0.56;0.78;0.56;0.17;0.67;0.33;0.17;0.33;0.89;1.00;1.00;0.78;0.56;0.56;0.40;0.00;0.00;0.40;0.67;0.00;0.78;0.00;0.13;0.40;0.80;0.40;0.60;0.20;0.20;0.00;0.60;0.40;0.00;0.00;0.20;0.40;0.00;0.99;0.71
24323;3;0.00;0.99;0.33;0.56;0.86;1.00;0.51;0.64;0.36;0.67;1.00;0.50;0.02;0.00;0.00;0.00;0.00;0.33;0.78;0.20;0.20;0.22;0.38;0.67;0.22;0.22;0.44;0.56;0.56;0.56;0.56;0.78;0.22;0.33;0.67;0.33;0.17;0.33;0.56;0.56;1.00;0.56;0.67;0.44;0.40;0.00;0.00;0.20;0.67;0.00;0.67;0.00;0.53;0.60;0.60;0.20;0.40;0.20;0.20;0.00;1.00;0.40;0.00;0.40;0.20;0.00;0.00;0.99;0.41
130609;1;0.00;0.99;0.33;0.89;0.86;1.00;0.57;0.73;0.64;0.67;1.00;0.50;0.02;-0.00;0.00;0.00;0.00;-0.22;0.44;0.20;0.80;0.44;0.50;0.67;0.67;0.44;0.33;0.89;0.89;0.67;0.78;0.78;0.78;0.67;0.33;0.83;0.83;1.00;0.56;0.56;0.33;0.67;0.89;0.56;0.20;0.40;0.20;0.60;0.56;0.00;0.78;0.00;0.40;0.60;0.40;0.20;0.40;0.40;0.40;0.00;0.00;0.40;0.00;0.60;0.00;0.60;0.20;0.99;0.35
86994;4;0.00;0.90;1.00;0.67;1.00;0.33;0.33;0.27;0.18;0.67;1.00;0.50;0.11;-0.00;0.00;0.00;0.00;0.33;0.56;0.20;0.20;0.11;0.38;0.44;0.11;0.78;0.22;0.56;0.44;0.22;0.44;0.33;0.56;0.17;0.83;0.50;0.50;0.50;0.67;0.67;0.89;0.22;0.67;0.67;0.00;0.00;0.00;0.00;0.33;0.00;0.78;0.00;0.33;0.40;0.60;0.60;0.00;0.80;0.40;0.00;0.20;0.40;0.00;0.00;0.00;0.00;0.00;0.99;0.71
165606;0;0.00;0.99;0.33;0.67;0.86;1.00;0.31;0.27;0.09;0.67;1.00;0.50;0.02;-0.00;0.00;0.00;0.00;-0.11;0.56;0.20;0.20;0.33;0.12;0.89;0.33;0.89;0.67;0.33;0.56;0.44;0.56;0.44;0.67;0.50;0.83;0.33;0.33;0.17;0.56;0.67;0.56;0.56;0.78;0.78;0.00;0.00;0.00;0.40;0.33;0.00;0.33;1.00;0.33;0.40;0.00;0.00;0.20;0.80;0.60;0.40;0.00;0.60;0.40;0.00;0.60;0.20;0.00;0.99;1.00
100126;4;0.00;0.99;0.33;0.56;0.86;1.00;0.34;0.27;0.27;0.67;1.00;0.50;0.02;0.00;0.00;0.00;0.00;-0.22;0.33;0.20;0.40;0.33;0.62;0.44;0.67;0.44;0.56;0.67;0.56;0.22;0.44;0.56;1.00;0.83;0.83;0.83;0.67;0.83;0.56;0.67;0.56;0.33;0.89;0.22;0.00;0.00;0.00;0.20;0.11;0.00;0.44;0.60;0.33;0.80;0.00;0.80;0.00;0.80;0.20;0.00;0.00;0.80;0.00;0.00;0.40;0.20;0.00;0.99;0.38
183138;3;0.00;0.85;0.33;0.67;1.00;0.33;0.27;0.18;0.55;0.33;1.00;0.50;0.16;-0.00;0.00;0.00;0.00;0.33;0.56;0.20;0.40;0.22;0.25;0.89;0.11;0.22;0.33;0.44;0.67;0.78;1.00;1.00;0.44;0.67;0.50;0.50;0.67;0.50;0.56;0.56;0.11;0.78;1.00;0.11;0.00;0.00;0.00;0.00;0.44;0.00;0.11;0.00;0.33;0.00;0.00;0.00;0.00;1.00;0.00;0.00;0.60;0.00;0.00;0.00;0.00;0.00;0.00;0.99;0.38
186977;4;0.00;0.96;0.33;0.78;0.86;1.00;0.71;0.91;0.27;0.67;1.00;0.50;0.05;-0.00;0.00;0.00;0.00;-0.67;0.33;0.20;0.60;0.33;0.62;0.44;0.33;0.44;0.33;0.78;0.67;0.78;0.22;0.56;0.67;0.67;0.50;0.83;0.83;0.83;0.44;0.44;0.22;0.44;0.78;0.56;0.00;0.00;0.00;0.40;1.00;0.00;0.67;0.00;0.53;0.80;0.00;0.00;0.00;0.40;0.20;0.00;1.00;0.00;1.00;0.00;0.80;0.00;0.00;0.99;0.65
4082;0;1.00;1.00;0.33;0.89;0.86;1.00;0.79;0.91;0.73;0.67;1.00;0.50;0.01;0.00;0.00;0.00;0.00;0.33;0.56;0.80;0.20;0.22;0.50;0.78;0.67;0.67;0.33;0.56;1.00;0.44;0.78;0.78;0.78;0.33;0.67;0.50;0.50;0.50;0.56;0.67;0.44;0.33;0.33;0.67;0.00;0.00;0.00;0.80;0.33;0.00;0.78;0.00;0.33;0.60;0.00;0.40;0.40;0.40;0.20;1.00;0.00;0.40;0.60;0.80;0.00;0.60;0.00;0.99;0.38
203054;0;1.00;1.00;1.00;0.94;0.43;0.33;0.46;0.55;0.18;0.67;1.00;1.00;0.01;-0.00;0.06;0.00;0.00;-0.11;0.44;0.20;0.20;0.11;0.50;0.67;0.56;0.78;0.56;0.56;0.44;0.56;0.67;0.44;0.67;0.83;1.00;0.17;0.17;0.17;0.67;0.56;0.44;0.33;0.56;0.56;0.00;0.00;0.00;1.00;0.67;0.00;0.33;0.00;0.87;0.00;0.40;0.60;0.00;0.20;0.00;0.80;0.80;0.00;0.00;0.60;0.00;1.00;0.00;1.00;0.41
161826;4;0.00;0.99;1.00;0.67;0.86;1.00;0.24;0.09;0.55;0.67;1.00;0.50;0.02;-0.00;0.00;0.00;0.00;0.22;0.67;0.20;0.20;0.11;0.62;0.56;0.67;0.78;0.44;0.33;0.78;0.22;0.33;0.56;0.56;0.50;0.67;0.17;0.33;0.50;0.67;0.78;0.67;0.22;1.00;0.67;0.00;0.00;0.00;0.20;0.56;0.00;0.78;0.00;0.40;0.60;0.40;0.00;0.40;0.40;0.40;0.20;0.40;0.80;0.40;0.00;0.00;0.40;0.00;0.99;0.68
206880;0;1.00;1.00;1.00;0.89;0.86;0.33;0.37;0.36;0.27;0.67;1.00;0.50;0.01;0.00;0.00;0.00;0.00;-0.56;0.22;0.20;0.60;1.00;0.25;0.78;0.33;0.67;0.44;0.89;0.67;0.44;0.44;0.22;0.89;1.00;1.00;0.83;1.00;0.67;0.22;0.22;0.56;0.56;0.56;1.00;0.00;0.00;0.00;0.20;0.33;0.00;0.67;0.00;0.33;0.40;0.00;0.20;0.80;0.80;0.40;0.00;0.00;0.40;0.00;0.40;0.00;0.00;0.00;0.99;0.38
153599;4;1.00;1.00;0.33;0.56;0.43;0.33;0.47;0.55;0.91;0.67;1.00;0.50;0.01;-0.00;0.00;0.00;0.00;1.00;0.89;0.20;0.20;0.33;0.50;0.22;0.78;0.67;0.33;0.22;0.67;1.00;1.00;1.00;0.33;0.33;0.50;0.33;0.17;0.33;0.89;1.00;0.67;0.56;0.67;0.33;0.20;0.00;0.00;0.20;0.56;0.00;0.11;0.00;0.40;0.60;0.00;0.20;0.60;0.40;0.80;0.00;0.60;0.00;0.00;0.00;0.40;0.00;0.00;0.99;0.41
47115;4;0.00;0.99;0.33;0.72;0.43;1.00;0.59;0.82;0.45;0.67;1.00;0.50;0.02;-0.00;0.00;0.00;0.00;0.11;0.44;0.60;0.60;0.22;0.62;0.33;0.78;0.67;0.78;0.44;0.56;1.00;0.56;0.67;0.89;0.50;0.67;0.67;0.83;0.67;0.67;0.67;0.67;0.56;0.89;0.44;0.00;0.00;0.00;0.60;0.78;0.00;0.11;0.40;0.33;0.00;0.40;0.20;0.60;0.60;0.20;0.00;0.40;0.60;0.00;0.00;0.20;0.60;0.00;0.99;1.00
62971;0;0.00;0.99;0.33;0.56;0.43;0.33;0.40;0.45;0.64;0.67;1.00;0.50;0.02;-0.00;0.00;0.00;0.00;-0.44;0.33;0.20;0.60;0.56;0.62;0.56;0.67;0.44;0.78;0.89;0.78;0.22;0.44;0.44;0.56;1.00;0.33;0.83;1.00;0.67;0.22;0.44;0.22;0.33;0.44;0.56;0.80;0.00;0.00;0.80;0.11;0.00;0.67;0.00;0.33;0.60;0.60;0.00;0.00;1.00;0.00;0.80;0.00;0.00;0.00;0.80;0.00;0.60;0.00;0.99;0.35
221458;4;1.00;1.00;0.33;0.56;0.86;1.00;0.56;0.73;0.55;0.67;1.00;0.50;0.01;-0.00;0.00;0.00;0.00;0.78;0.78;0.20;0.20;0.11;0.50;0.22;0.22;0.89;0.33;0.33;0.78;0.11;0.56;0.78;0.67;0.17;0.67;0.33;0.33;0.33;0.89;1.00;0.56;0.67;0.33;0.33;0.00;0.00;0.00;0.60;0.67;0.00;0.89;0.00;0.20;0.00;0.00;0.80;0.40;0.40;0.40;0.00;0.60;0.40;0.00;0.00;0.00;0.80;0.00;0.99;0.71
122975;3;1.00;1.00;0.33;0.67;0.43;0.33;0.63;0.82;0.45;0.67;1.00;0.50;0.01;-0.00;0.00;0.00;0.00;-0.33;0.33;0.20;0.60;0.44;1.00;0.33;0.89;0.56;0.44;0.67;0.56;0.11;0.33;0.44;0.78;0.83;0.33;0.67;0.83;1.00;0.33;0.56;0.22;0.22;0.33;0.44;0.00;0.00;0.00;0.20;0.33;0.00;0.56;0.00;0.33;0.00;0.00;0.40;0.40;0.60;0.40;0.00;0.60;0.80;0.00;0.00;0.00;0.40;0.00;0.99;0.35
136594;4;0.00;0.95;0.33;0.28;0.29;0.33;0.52;0.64;0.64;0.67;1.00;0.50;0.06;0.07;0.00;0.00;0.01;-0.44;0.44;0.40;0.60;0.33;0.62;0.33;0.89;0.67;0.67;0.89;0.67;1.00;0.67;0.56;0.44;1.00;0.67;0.83;0.83;0.83;0.89;0.78;0.11;0.67;0.56;0.22;1.00;0.00;1.00;1.00;0.11;0.00;0.89;0.00;0.87;0.00;0.00;0.00;0.00;0.00;0.20;0.00;0.00;0.00;0.00;0.00;0.00;1.00;1.00;0.99;0.35
182579;4;0.00;0.93;0.33;0.28;0.43;0.33;0.56;0.73;0.64;0.67;1.00;0.50;0.08;0.00;0.00;0.00;0.00;0.78;1.00;0.40;0.20;0.11;0.38;0.67;0.11;0.89;0.44;0.22;0.33;0.33;0.67;0.67;0.22;0.33;0.83;0.33;0.33;0.17;0.89;1.00;1.00;0.78;0.67;0.44;0.40;0.00;0.20;0.20;0.78;0.00;0.67;0.00;0.40;0.60;0.60;0.40;0.40;0.40;0.40;0.40;0.20;0.40;0.20;0.00;0.20;0.20;0.00;0.99;0.71
188633;4;0.00;0.93;0.33;0.89;0.43;0.33;0.35;0.36;0.18;0.33;1.00;1.00;0.07;-0.00;0.00;0.00;0.00;-0.22;0.56;0.20;0.80;0.56;0.62;0.56;0.56;0.89;0.67;0.67;0.78;0.22;0.44;0.33;0.67;0.50;0.83;0.83;0.67;0.83;0.67;0.67;0.78;0.89;1.00;0.44;0.60;0.40;0.20;1.00;0.78;0.00;0.33;0.00;0.73;0.20;0.60;0.00;0.40;0.00;0.40;0.00;0.20;0.40;0.00;1.00;0.20;0.20;0.80;0.99;0.38
104826;3;0.00;0.79;0.33;0.67;1.00;1.00;0.38;0.36;1.00;0.67;1.00;0.50;0.21;-0.00;0.00;0.00;0.00;-0.26;0.73;0.29;0.44;0.26;0.57;0.64;0.67;0.33;0.70;0.52;0.55;0.47;0.61;0.48;0.47;0.58;0.66;0.54;0.58;0.60;0.63;0.53;0.43;0.67;0.47;0.61;0.12;0.17;0.23;0.29;0.62;0.08;0.41;0.07;0.37;0.41;0.27;0.21;0.33;0.27;0.37;0.32;0.37;0.45;0.33;0.47;0.49;0.57;0.47;0.99;0.58
26492;0;1.00;1.00;0.33;0.89;0.43;0.33;0.64;0.82;0.73;0.67;1.00;0.50;0.01;0.02;0.00;0.00;0.00;0.44;0.78;0.60;0.20;0.56;0.38;0.22;0.33;0.44;0.89;0.33;0.67;1.00;0.78;0.67;0.22;0.33;0.17;0.17;0.50;0.33;0.67;0.89;0.56;0.78;0.67;0.33;0.00;0.00;0.00;0.20;0.78;0.00;0.22;0.00;0.40;0.40;0.80;0.00;0.80;0.20;0.60;0.40;0.20;0.80;0.00;0.00;0.00;0.20;0.00;0.99;0.65
88852;4;0.00;0.95;0.33;0.11;1.00;0.33;0.37;0.36;0.55;0.67;1.00;1.00;0.06;-0.00;0.06;0.00;0.00;0.33;0.67;0.20;0.40;0.22;0.50;0.33;0.44;0.56;0.56;0.67;0.67;0.11;0.44;0.67;0.78;0.33;0.67;0.50;0.50;0.50;0.67;0.78;1.00;0.44;0.67;0.78;0.40;0.00;0.00;0.40;0.33;0.00;0.78;0.00;0.40;0.40;0.60;0.20;0.20;0.20;0.40;0.40;0.40;0.80;0.00;0.00;0.00;0.60;0.00;0.99;0.71
184649;3;0.00;0.98;0.67;0.83;0.71;1.00;0.00;1.00;0.82;0.67;1.00;0.50;0.03;-0.00;0.00;0.00;0.00;0.67;0.89;0.20;0.20;0.11;1.00;0.44;0.89;0.44;0.78;0.33;0.78;0.56;0.78;0.89;0.11;0.33;0.33;0.50;0.50;0.50;0.89;0.89;0.78;0.33;0.67;0.44;0.00;0.00;0.00;0.20;0.56;0.00;0.44;0.00;0.40;0.40;0.40;0.60;0.40;0.20;0.80;0.00;0.20;0.60;0.00;0.00;0.00;0.40;0.00;0.99;0.35
7083;4;0.00;0.97;0.33;0.89;0.86;0.33;0.39;0.45;0.45;0.67;1.00;0.50;0.04;0.00;0.00;0.00;0.01;0.33;0.78;0.60;0.20;0.33;0.50;0.67;0.44;0.44;1.00;0.56;0.33;0.56;0.44;0.78;0.56;0.33;0.67;0.33;0.33;0.50;0.78;0.78;0.89;0.78;0.56;0.44;0.00;0.20;0.00;0.20;1.00;0.40;0.44;0.00;0.27;0.20;0.20;0.20;1.00;0.20;0.60;0.40;0.00;0.60;0.00;0.00;0.00;0.20;0.20;0.99;0.68
35334;4;1.00;1.00;0.33;0.67;0.86;1.00;0.29;0.18;0.27;0.67;1.00;0.50;0.01;-0.00;0.00;0.00;0.00;-0.22;0.67;0.20;0.20;0.22;0.38;0.67;0.56;0.89;0.22;0.44;0.44;0.56;0.56;0.56;0.67;0.33;0.67;0.33;0.17;0.33;0.78;0.78;0.89;0.67;0.44;0.33;0.80;0.00;0.20;0.60;0.56;0.00;0.33;0.00;0.33;0.60;0.40;0.20;0.20;1.00;0.20;0.00;0.00;0.40;0.00;0.00;0.40;0.60;0.20;0.99;0.71
89079;4;0.00;0.94;0.33;0.89;0.86;1.00;0.00;1.00;0.55;0.67;1.00;0.50;0.07;-0.00;0.00;0.00;0.00;0.44;0.78;0.20;0.20;0.67;0.50;0.22;0.56;0.67;0.44;0.44;0.56;0.33;0.67;0.67;0.22;0.33;0.33;0.33;0.50;0.50;0.78;0.89;0.67;0.56;0.22;0.44;0.00;0.20;0.00;0.20;0.56;0.00;0.67;0.00;0.33;0.20;0.40;0.60;0.80;0.60;0.20;0.00;0.00;0.60;0.20;0.00;0.00;0.20;0.00;0.99;0.35
34602;0;1.00;1.00;0.33;1.00;0.86;1.00;0.39;0.45;0.09;0.67;1.00;0.50;0.01;-0.00;0.00;0.00;0.00;-0.67;0.44;0.20;0.20;0.11;0.62;0.56;0.78;0.56;1.00;0.33;0.33;0.56;0.22;0.33;0.44;0.83;0.83;0.33;0.33;0.33;0.56;0.56;0.56;0.22;0.22;0.44;0.00;0.00;0.00;0.80;0.22;0.00;0.44;0.00;0.33;0.00;0.00;0.20;0.20;0.60;0.40;0.40;0.60;0.60;0.00;0.00;0.60;0.60;0.00;1.00;0.97
117024;4;1.00;1.00;0.33;0.67;0.86;1.00;0.38;0.36;0.27;0.67;1.00;0.50;0.01;0.00;0.00;0.00;0.00;-0.22;0.56;0.60;0.20;0.44;0.50;0.44;0.44;0.89;0.56;0.44;0.33;0.67;0.44;0.44;0.67;0.50;0.50;0.33;0.33;0.33;0.67;0.78;0.78;0.56;0.89;0.44;0.20;0.00;0.00;0.40;0.67;0.00;0.56;0.00;0.40;0.40;0.40;0.60;0.40;0.40;0.40;0.60;0.20;0.40;0.00;0.00;0.20;0.40;0.00;0.99;1.00
32767;2;0.00;0.93;0.33;0.67;0.71;0.33;0.50;0.64;0.27;0.67;1.00;0.50;0.07;0.02;0.00;0.00;0.00;0.22;0.67;0.20;0.20;0.11;0.38;0.78;0.44;0.89;0.56;0.22;0.22;0.11;0.56;0.67;0.44;0.33;0.83;0.33;0.33;0.17;0.56;0.67;0.56;0.33;0.22;0.67;0.20;0.00;0.00;0.20;0.56;0.00;0.56;0.00;0.33;0.00;0.00;0.80;0.20;0.80;0.20;0.00;0.20;0.60;0.60;0.00;0.00;0.40;0.00;0.99;0.41
151639;4;0.00;0.86;0.33;0.39;1.00;0.33;0.35;0.36;1.00;0.33;1.00;0.50;0.15;-0.00;0.00;0.00;0.00;-0.53;0.91;0.30;0.30;0.26;0.54;0.51;0.54;0.46;0.64;0.52;0.64;0.70;0.44;0.67;0.34;0.67;0.74;0.56;0.49;0.61;0.60;0.53;0.50;0.67;0.44;0.50;0.12;0.08;0.16;0.25;0.59;0.12;0.44;0.01;0.38;0.49;0.41;0.28;0.32;0.19;0.19;0.40;0.37;0.53;0.33;0.47;0.51;0.68;0.40;0.99;0.59
29422;4;1.00;1.00;1.00;0.39;0.43;0.33;0.46;0.55;0.73;0.67;1.00;0.50;0.01;0.00;0.00;0.00;0.00;-0.33;0.44;0.20;0.80;0.33;0.25;0.67;0.22;0.44;0.56;0.78;0.67;0.44;0.78;0.67;0.56;1.00;0.50;0.67;0.83;1.00;0.67;0.67;0.33;0.78;0.67;0.44;0.00;0.00;0.00;0.20;0.56;0.00;0.67;0.00;0.13;0.00;1.00;0.00;0.40;0.00;0.20;0.00;0.60;0.80;0.00;0.00;0.60;0.00;0.00;0.99;0.35
27518;3;0.00;0.99;0.33;0.67;0.86;0.33;0.72;0.91;0.82;0.67;1.00;0.50;0.02;0.00;0.19;0.00;0.00;0.56;0.78;0.20;0.40;0.22;0.62;0.67;0.56;0.67;0.78;0.33;0.56;0.89;0.78;1.00;0.56;0.33;0.67;0.50;0.50;0.50;0.67;0.78;0.78;0.44;0.44;0.33;0.20;0.00;0.00;0.20;0.56;0.00;0.44;0.00;0.33;0.40;0.00;0.20;0.60;0.80;0.20;0.00;0.20;0.80;0.00;0.00;0.00;0.40;0.00;0.99;0.41
121332;4;0.00;0.69;0.33;0.44;1.00;1.00;0.00;1.00;0.82;0.67;1.00;0.50;0.32;0.00;0.00;0.00;0.00;-0.53;0.90;0.36;0.21;0.28;0.52;0.51;0.44;0.37;0.55;0.63;0.68;0.73;0.62;0.70;0.54;0.74;0.72;0.61;0.58;0.62;0.68;0.53;0.50;0.49;0.41;0.47;0.24;0.15;0.12;0.25;0.58;0.07;0.49;0.07;0.34;0.36;0.29;0.23;0.23;0.32;0.40;0.28;0.40;0.52;0.40;0.40;0.48;0.57;0.47;0.99;0.68
210006;4;0.00;0.89;0.33;0.22;1.00;1.00;0.69;0.91;0.73;0.33;1.00;0.50;0.12;-0.00;0.00;0.00;0.00;0.56;0.89;0.60;0.20;0.11;0.50;0.67;0.33;0.33;0.44;0.33;0.56;0.44;0.67;0.67;0.33;0.33;0.83;0.33;0.33;0.17;0.67;0.67;0.56;0.78;0.33;0.44;0.80;0.20;0.20;0.40;0.89;0.00;0.56;0.00;0.27;0.40;0.40;0.60;0.40;0.40;0.40;0.20;0.20;0.20;0.00;0.20;0.20;0.60;0.00;0.99;0.71
136497;0;0.00;0.99;0.33;0.89;0.86;1.00;0.74;0.91;0.18;0.67;1.00;0.50;0.02;-0.00;0.19;0.00;0.00;-0.56;0.33;0.20;0.40;0.11;0.75;0.44;0.89;0.78;0.89;0.44;0.33;0.56;0.22;0.33;0.44;0.67;0.83;0.50;0.50;0.50;0.56;0.56;0.44;0.22;0.89;0.44;0.00;0.00;0.00;0.40;0.33;0.00;0.44;0.00;0.33;0.40;0.00;0.40;0.00;0.80;0.60;0.00;0.40;0.60;0.00;0.00;0.40;0.40;0.00;1.00;1.00
185041;0;1.00;1.00;1.00;0.67;0.86;0.33;0.21;0.09;0.27;0.67;1.00;0.50;0.01;0.00;0.00;0.00;0.00;-0.11;0.78;0.20;0.20;0.22;0.50;0.78;0.44;0.56;0.56;0.33;0.56;0.78;0.56;0.67;0.44;0.33;0.67;0.33;0.17;0.33;0.56;0.67;0.78;0.78;0.78;0.33;0.20;0.00;0.20;0.40;0.44;0.00;0.56;0.00;0.33;0.40;0.40;0.20;0.60;0.80;0.20;0.00;0.60;0.40;0.00;0.00;0.00;0.60;0.00;0.99;1.00
73305;3;0.00;0.96;0.33;0.89;0.43;1.00;0.54;0.73;0.73;0.67;1.00;1.00;0.05;-0.00;0.00;0.00;0.00;0.67;0.89;0.20;0.20;0.33;0.50;0.67;0.67;0.22;0.67;0.44;0.78;1.00;1.00;0.89;0.33;0.33;0.50;0.50;0.33;0.50;0.78;0.67;0.67;0.78;0.33;0.44;0.00;0.00;0.00;0.40;0.89;0.00;0.22;0.00;0.27;0.60;0.60;0.20;0.80;0.40;0.20;0.60;0.40;0.00;0.00;0.60;0.00;0.20;0.00;0.99;0.41
181781;0;1.00;1.00;0.33;0.89;0.86;1.00;0.28;0.18;0.27;0.67;1.00;0.50;0.01;-0.00;0.00;0.00;0.00;-0.67;0.33;0.20;0.20;0.56;0.38;0.44;0.56;0.67;1.00;0.67;0.67;0.11;0.33;0.33;0.67;0.33;0.50;0.50;0.50;0.50;0.33;0.44;0.33;0.44;0.78;0.89;0.80;0.00;0.00;0.60;0.78;0.00;0.56;0.00;0.33;0.60;0.00;0.40;0.40;0.80;0.40;0.00;0.00;0.00;0.00;0.60;0.00;0.40;0.00;0.99;0.97
134762;0;0.00;0.83;0.67;0.83;1.00;0.33;0.00;1.00;0.36;0.33;1.00;0.50;0.18;0.00;0.00;0.00;0.01;-0.22;0.22;0.40;0.80;0.33;0.50;0.78;0.78;0.78;0.67;0.78;0.56;1.00;0.67;0.78;0.56;1.00;1.00;0.67;0.67;0.67;0.67;0.44;0.67;0.44;0.56;0.33;0.20;0.00;0.00;0.80;0.33;0.20;0.67;0.00;0.40;0.00;0.40;0.40;0.00;0.00;0.40;0.60;0.00;0.80;0.40;0.60;0.60;0.60;0.00;1.00;0.41
39817;0;0.00;0.99;0.33;0.67;0.86;0.33;0.35;0.36;0.18;0.67;1.00;0.50;0.02;-0.00;0.00;0.00;0.00;0.11;0.67;0.20;0.20;0.11;0.75;0.22;0.67;0.78;0.22;0.44;0.44;0.44;0.56;0.56;0.44;0.50;0.83;0.33;0.17;0.33;0.67;0.78;0.67;0.56;0.33;0.78;0.00;0.00;0.40;0.40;0.56;0.00;0.89;0.00;0.53;0.00;0.40;0.60;0.20;0.40;0.20;0.20;0.80;0.60;0.00;0.00;0.80;0.20;0.00;0.99;1.00
45665;2;0.00;0.99;0.33;0.22;0.86;0.33;0.44;0.55;0.91;0.67;1.00;0.50;0.02;0.00;0.00;0.00;0.00;0.89;0.89;0.20;0.20;0.44;0.62;0.22;0.78;0.56;0.33;0.44;0.67;0.56;0.78;1.00;0.56;0.17;0.50;0.50;0.33;0.50;0.89;0.89;0.67;0.78;0.78;0.33;0.00;0.00;0.00;0.00;0.78;0.00;0.33;0.00;0.40;0.00;0.40;0.40;0.60;0.40;0.60;0.80;0.20;0.40;0.00;0.00;0.00;0.00;0.00;0.99;0.41
128041;0;0.00;0.98;0.33;0.56;0.43;1.00;0.43;0.45;0.91;0.67;1.00;0.50;0.03;0.00;0.00;0.00;0.00;1.00;0.89;0.20;0.20;0.11;0.62;0.33;0.56;0.33;0.56;0.44;0.67;0.44;0.78;1.00;0.33;0.33;0.50;0.33;0.17;0.33;0.89;0.78;0.78;0.44;0.89;0.22;0.40;0.00;0.00;0.80;0.67;0.00;0.22;0.00;0.40;0.00;0.00;0.20;0.40;0.40;0.60;0.20;0.20;0.60;0.00;0.00;0.00;1.00;0.00;0.99;0.41
112907;4;0.00;0.75;0.33;0.89;1.00;1.00;0.00;1.00;0.09;0.33;1.00;1.00;0.26;-0.00;0.00;0.00;0.00;-0.44;0.22;0.20;0.40;0.11;1.00;0.44;0.44;0.56;0.22;0.56;0.11;0.11;0.22;0.33;0.33;0.83;1.00;0.67;0.67;0.50;0.44;0.44;0.44;0.44;0.44;0.11;0.80;0.00;0.00;0.80;0.33;0.00;0.56;0.00;0.07;0.80;0.00;0.60;0.00;0.40;0.20;0.00;0.40;0.40;0.00;0.40;0.40;0.60;0.00;1.00;1.00
29062;4;1.00;1.00;1.00;0.89;0.43;0.33;0.37;0.36;0.64;0.67;1.00;0.50;0.01;-0.00;0.00;0.00;0.01;0.22;0.44;0.40;0.40;0.22;0.75;0.44;0.67;0.44;0.56;0.78;0.56;0.11;0.67;0.56;0.67;0.33;0.50;0.50;0.67;0.50;0.78;0.56;0.44;0.44;0.33;0.89;0.00;0.00;0.00;0.00;0.33;0.00;0.89;0.00;0.40;0.60;0.00;0.00;0.00;0.60;0.60;0.80;0.40;0.80;0.00;0.00;0.00;0.00;0.00;0.99;0.71
24963;4;0.00;0.83;0.33;0.89;1.00;0.33;0.00;1.00;0.09;0.33;1.00;0.50;0.18;-0.00;0.00;0.00;0.00;0.11;0.56;0.20;0.20;0.11;1.00;0.44;0.44;0.89;0.33;0.22;0.22;0.89;0.44;0.56;0.33;0.83;0.83;0.17;0.33;0.33;0.78;0.67;0.78;0.33;0.44;0.56;0.00;0.20;0.00;0.40;0.44;0.00;0.67;0.00;0.20;0.40;0.00;0.80;0.00;0.40;0.20;0.00;0.80;0.40;0.00;0.40;0.20;0.40;0.00;1.00;0.97
51352;0;1.00;1.00;1.00;0.94;0.43;1.00;0.40;0.45;0.45;0.67;1.00;1.00;0.01;-0.00;0.00;0.00;0.00;-0.11;0.44;0.20;0.40;0.44;0.75;0.44;0.78;0.22;0.78;0.78;0.56;0.78;0.44;0.56;0.78;0.83;1.00;0.83;1.00;0.67;0.44;0.44;0.56;0.33;0.11;0.56;0.00;0.40;0.00;0.20;0.56;0.00;0.44;0.00;0.33;0.00;0.40;0.40;0.60;0.60;0.40;0.80;0.60;0.00;0.00;0.40;0.40;0.00;0.00;0.99;0.38
25647;2;0.00;0.99;0.33;0.89;0.86;1.00;0.58;0.73;0.91;0.67;1.00;0.50;0.02;-0.00;0.00;0.00;0.00;0.67;0.78;0.40;0.80;0.33;0.38;0.78;0.33;0.33;0.78;0.56;0.89;1.00;0.56;1.00;0.11;0.83;0.17;1.00;1.00;1.00;1.00;1.00;0.56;1.00;0.11;0.11;0.40;0.60;0.80;0.20;0.44;0.00;0.44;0.00;0.13;0.40;0.60;0.20;0.40;0.20;0.40;0.20;0.20;0.20;0.20;0.00;0.20;0.20;0.20;0.99;0.35
115673;1;1.00;1.00;0.33;0.89;0.86;0.33;0.17;0.09;0.27;0.67;1.00;0.50;0.01;0.00;0.00;0.00;0.00;0.11;0.78;0.80;0.20;0.11;0.75;0.44;0.56;0.56;0.22;0.22;0.56;0.78;0.44;0.67;0.56;0.17;0.50;0.50;0.33;0.50;0.56;0.67;0.78;0.33;0.56;0.44;0.40;0.00;0.00;0.40;0.89;0.00;0.56;0.40;0.20;0.00;0.40;0.80;0.60;0.40;0.20;0.20;0.80;0.20;0.20;0.20;0.20;0.40;0.00;0.99;0.71
21685;0;0.00;0.93;0.33;0.67;0.43;0.33;0.77;0.91;0.09;0.67;1.00;0.50;0.08;-0.00;0.38;0.00;0.00;-0.44;0.67;0.20;0.20;0.11;0.62;0.44;0.67;0.78;0.44;0.67;0.11;0.44;0.56;0.44;0.67;0.33;0.67;0.50;0.50;0.17;0.78;0.78;0.78;0.78;0.67;0.56;0.20;0.00;0.00;0.20;0.78;0.00;0.56;0.00;0.40;0.40;0.40;0.40;0.60;0.20;0.40;0.20;0.00;0.60;0.60;0.20;0.00;0.40;0.00;0.99;0.71
39961;3;1.00;1.00;0.33;0.89;0.43;1.00;0.30;0.18;0.64;0.67;1.00;0.50;0.01;-0.00;0.00;0.00;0.00;0.67;0.78;0.20;0.20;0.89;0.75;0.44;0.67;1.00;0.56;0.44;0.56;0.89;0.67;0.67;0.33;0.33;0.67;0.33;0.33;0.33;0.78;0.78;1.00;0.56;0.44;0.67;0.00;0.00;0.00;0.60;0.78;0.00;0.78;0.00;0.40;0.40;0.40;0.40;0.40;0.40;0.40;0.40;0.20;0.40;0.20;0.00;0.20;0.40;0.00;0.99;0.68
3016;4;0.00;0.95;0.33;0.67;0.86;0.33;0.49;0.64;0.36;0.67;1.00;0.50;0.06;-0.00;0.00;0.00;0.00;0.33;0.78;0.20;0.20;0.22;0.62;0.67;0.56;0.78;0.44;0.33;0.56;0.67;0.56;0.44;0.56;0.50;0.83;0.33;0.17;0.33;0.67;0.78;1.00;0.78;0.56;0.33;0.40;0.40;0.00;0.20;0.78;0.00;0.56;0.00;0.07;0.80;0.40;0.20;0.40;0.20;0.20;0.40;0.60;0.40;0.00;0.00;0.00;0.40;0.00;0.99;1.00
37874;3;0.00;0.99;0.33;0.89;0.86;1.00;0.80;0.91;0.27;0.67;1.00;0.50;0.02;0.00;0.00;0.00;0.00;-0.11;0.33;0.20;0.40;0.33;0.25;0.89;0.44;0.89;0.56;0.89;0.33;0.78;0.67;0.56;0.89;0.83;0.83;0.50;0.50;0.50;0.56;0.44;0.67;0.44;0.33;0.67;0.60;0.00;0.00;0.80;0.33;0.00;0.89;0.00;0.40;0.60;0.40;0.40;0.20;0.00;0.40;0.00;0.00;0.80;0.00;0.80;0.20;0.60;0.00;1.00;0.41
51849;0;1.00;1.00;1.00;0.17;0.86;0.33;0.30;0.18;0.27;0.67;1.00;0.50;0.01;0.00;0.00;0.00;0.00;-0.11;0.44;0.40;0.20;0.33;0.62;0.44;0.56;0.44;0.33;0.67;0.67;0.22;0.56;0.33;0.89;0.50;0.83;0.50;0.50;0.50;0.44;0.67;0.67;0.33;0.56;0.56;0.40;0.00;0.00;0.80;0.33;0.00;0.89;0.00;0.40;0.60;0.00;0.40;0.20;0.20;0.40;0.00;0.40;0.60;0.00;0.20;0.20;0.80;0.00;0.99;1.00
49388;2;0.00;0.95;1.00;0.67;0.86;1.00;0.41;0.45;0.64;0.67;1.00;0.50;0.06;-0.00;0.00;0.00;0.00;0.22;0.56;0.20;0.20;0.22;0.25;0.67;0.33;0.56;0.56;0.56;0.56;0.56;0.67;0.78;0.67;0.33;0.50;0.50;0.67;0.50;0.67;0.67;0.67;0.78;0.78;0.22;0.20;0.20;0.00;0.40;0.67;0.00;0.33;0.00;0.33;0.40;0.60;0.20;0.40;0.60;0.20;0.80;0.40;0.00;0.00;0.00;0.20;0.40;0.00;0.99;0.38
132958;4;0.00;0.99;0.33;0.67;0.86;0.33;0.35;0.36;0.09;0.67;1.00;0.50;0.02;-0.00;0.00;0.00;0.00;-0.22;0.56;0.60;0.20;0.22;0.50;0.44;0.56;0.44;0.67;0.56;0.22;0.33;0.33;0.44;0.78;0.67;1.00;0.33;0.33;0.17;0.78;0.67;1.00;0.56;0.33;0.22;0.40;0.00;0.00;0.60;0.56;0.00;0.33;0.00;0.40;0.40;0.20;0.40;0.20;0.40;0.40;0.20;0.20;0.40;0.00;0.20;0.20;0.40;0.00;1.00;1.00
102311;2;0.00;0.99;0.33;0.56;0.86;0.33;0.23;0.09;0.73;0.67;1.00;0.50;0.02;-0.00;0.00;0.00;0.00;-0.56;0.33;0.20;0.80;0.33;0.50;0.67;0.67;0.44;0.56;0.78;0.44;1.00;0.78;0.56;0.56;0.83;0.17;1.00;1.00;1.00;0.44;0.56;0.22;0.44;0.67;0.33;0.00;0.00;0.00;0.20;0.44;0.00;0.56;0.00;0.07;0.80;0.00;0.00;0.80;0.60;0.40;0.40;0.40;0.40;0.00;0.00;0.00;0.40;0.00;0.99;0.35
143291;0;1.00;1.00;0.33;0.94;0.14;1.00;0.41;0.45;0.55;0.67;1.00;1.00;0.01;-0.00;0.00;0.00;0.01;0.11;0.44;0.40;0.40;0.56;0.50;0.22;0.67;0.22;0.33;0.78;0.67;0.89;0.78;0.67;0.67;0.67;0.33;0.67;0.67;0.50;0.56;0.67;0.44;0.67;0.44;0.78;0.00;0.00;0.00;0.00;0.44;0.00;0.78;0.00;0.40;0.60;0.80;0.20;0.40;0.40;0.60;0.40;0.40;0.00;0.80;0.00;0.00;0.00;0.00;0.99;0.35
169186;4;0.00;0.93;0.33;0.89;0.43;0.33;0.37;0.36;0.82;0.67;1.00;1.00;0.08;-0.00;0.00;0.00;0.00;0.89;0.89;0.60;0.20;0.11;0.50;0.67;0.56;0.22;0.67;0.44;0.78;0.56;0.67;0.67;0.44;0.17;0.67;0.33;0.33;0.33;0.67;0.67;0.89;0.67;0.56;0.22;0.40;0.00;0.60;0.40;0.78;0.00;0.44;0.00;0.40;0.20;0.40;0.20;0.60;0.20;0.80;0.20;0.00;0.40;0.00;0.00;0.00;0.60;0.40;0.99;0.41
111031;4;0.00;0.88;0.33;0.56;1.00;0.33;0.38;0.36;0.36;0.33;1.00;0.50;0.12;0.00;0.00;0.00;0.01;-0.89;0.11;0.60;1.00;0.22;0.62;0.56;0.78;0.11;0.78;1.00;0.67;0.56;0.33;0.67;0.56;1.00;0.50;0.83;0.83;1.00;0.44;0.33;0.33;0.56;0.56;0.33;0.00;0.00;0.00;1.00;0.56;0.00;0.67;0.00;0.40;0.20;0.20;0.20;0.20;0.40;0.20;0.20;0.20;0.40;0.20;0.40;0.40;0.60;0.00;1.00;0.35
87104;0;1.00;1.00;1.00;0.89;0.86;0.33;0.30;0.18;0.36;0.67;1.00;0.50;0.01;0.00;0.00;0.00;0.01;-0.33;0.33;0.60;0.60;0.22;0.12;1.00;0.33;0.67;0.89;0.56;0.67;0.89;0.89;0.33;0.56;0.83;0.50;0.83;0.83;0.83;0.33;0.33;0.11;0.11;0.22;1.00;0.00;0.00;0.00;0.00;0.11;0.20;0.33;0.00;0.40;0.00;0.00;0.00;0.00;0.60;1.00;0.00;0.00;0.00;0.00;0.00;0.00;0.00;0.00;0.99;0.65
86692;0;1.00;1.00;1.00;0.22;0.86;0.33;0.20;0.09;0.45;0.67;1.00;0.50;0.01;0.02;0.00;0.00;0.00;-0.44;0.33;0.20;0.80;0.56;0.25;1.00;0.44;0.44;0.44;0.89;0.56;0.33;0.33;0.44;0.78;0.67;0.17;1.00;1.00;0.67;0.33;0.33;0.22;0.56;0.44;0.89;0.00;0.00;0.00;0.60;0.33;0.00;1.00;0.00;0.40;0.00;0.00;0.40;0.40;0.00;0.80;0.00;0.00;0.80;0.00;0.60;0.00;0.40;0.00;0.99;0.35
18938;4;1.00;1.00;0.33;0.94;0.43;0.33;0.50;0.64;0.27;0.67;1.00;1.00;0.01;-0.00;0.00;0.00;0.00;0.33;0.67;0.20;0.20;0.11;0.62;0.67;0.67;0.78;0.89;0.22;0.67;0.11;0.44;0.33;0.56;0.50;0.83;0.33;0.17;0.33;0.78;0.67;0.67;0.44;0.44;0.33;0.20;0.00;0.00;0.40;0.89;0.00;0.56;0.20;0.33;0.20;0.00;0.60;0.60;0.60;0.40;0.60;0.20;0.00;0.00;0.20;0.20;0.40;0.00;0.99;1.00
84183;0;1.00;1.00;1.00;0.89;0.86;1.00;0.19;0.09;0.73;0.67;1.00;0.50;0.01;-0.00;0.00;0.00;0.00;-0.33;0.44;0.20;0.80;0.78;0.62;0.56;0.56;0.67;0.67;0.67;0.78;0.33;0.33;0.67;0.67;0.67;0.17;0.83;1.00;0.67;0.67;0.67;0.22;0.78;0.67;0.56;0.00;0.00;0.00;1.00;0.56;0.00;0.56;0.00;0.33;0.00;0.00;0.00;0.40;0.60;0.20;0.00;0.00;0.00;1.00;0.00;1.00;0.80;0.00;0.99;0.35
67282;4;0.00;0.99;0.33;0.89;0.43;1.00;0.54;0.73;0.09;0.67;1.00;0.50;0.02;-0.00;0.00;0.00;0.01;-0.44;0.44;0.20;0.20;0.11;0.62;0.44;0.78;0.78;0.11;0.44;0.22;0.89;0.44;0.33;0.89;0.67;1.00;0.17;0.17;0.17;0.78;0.67;0.67;0.33;0.22;0.67;0.60;0.00;0.00;0.40;0.44;0.60;0.56;0.00;0.33;0.60;0.00;0.60;0.20;0.60;0.20;0.40;0.40;0.60;0.00;0.00;0.00;0.60;0.00;1.00;1.00
2348;3;0.00;0.96;0.33;0.89;0.86;0.33;0.67;0.91;0.09;0.67;1.00;0.50;0.05;-0.00;0.00;0.00;0.00;0.33;0.44;0.20;0.20;0.11;1.00;0.44;0.33;0.67;0.33;0.56;0.44;0.56;0.44;0.56;0.67;0.83;1.00;0.50;0.50;0.33;0.78;0.56;0.44;0.56;0.67;0.22;0.80;0.00;0.00;1.00;0.44;0.00;0.67;0.00;0.87;0.40;0.00;0.00;0.00;0.60;0.20;0.00;0.40;0.80;0.00;0.80;0.00;1.00;0.00;1.00;0.41
24249;0;0.00;0.99;0.67;0.22;0.43;0.33;0.44;0.55;0.73;0.67;1.00;0.50;0.02;0.00;0.06;0.00;0.00;-0.33;0.22;0.20;0.80;0.56;0.88;0.56;0.89;0.44;0.44;0.78;0.44;0.11;0.11;0.33;0.44;1.00;0.50;0.83;0.83;1.00;0.33;0.33;0.11;0.44;0.44;0.33;0.00;0.00;0.00;0.80;0.67;0.00;0.56;0.00;0.40;0.40;0.00;0.60;0.40;0.40;0.40;0.00;0.00;0.40;0.00;0.00;0.40;0.80;0.00;0.99;0.35
158908;4;0.00;0.96;0.33;0.89;0.29;1.00;0.40;0.45;0.45;0.33;1.00;1.00;0.05;0.00;0.00;0.00;0.00;0.33;0.89;0.20;0.20;0.33;0.38;0.67;0.33;0.67;0.33;0.22;0.78;1.00;0.78;0.67;0.56;0.33;0.67;0.33;0.33;0.33;0.67;0.78;1.00;0.78;0.44;0.56;0.00;0.00;0.00;0.60;0.89;0.00;0.33;0.20;0.33;0.40;0.60;0.40;0.40;0.60;0.40;0.20;0.20;0.40;0.20;0.00;0.00;0.40;0.00;0.99;0.97
116779;4;0.00;0.95;0.33;0.89;0.86;0.33;0.81;0.91;0.64;0.67;1.00;0.50;0.06;-0.00;0.00;0.00;0.00;-0.33;0.22;0.20;0.60;0.56;0.88;0.33;0.67;0.33;0.67;0.67;0.67;0.11;0.22;0.33;0.11;0.67;1.00;0.83;0.67;0.83;0.33;0.33;0.22;0.44;0.56;0.44;0.00;0.00;0.00;0.60;0.78;0.00;0.44;0.00;0.20;0.00;0.00;0.80;0.00;0.20;0.40;1.00;0.00;0.60;0.00;0.00;1.00;0.00;0.00;0.99;0.97
124509;1;1.00;1.00;0.33;0.89;0.43;0.33;0.56;0.73;0.36;0.67;1.00;0.50;0.01;0.00;0.00;0.00;0.01;-0.89;0.11;0.20;0.80;0.78;0.50;0.67;0.44;1.00;0.67;0.89;0.78;0.33;0.33;0.11;0.33;1.00;0.50;1.00;1.00;1.00;0.56;0.56;0.22;0.56;0.56;0.44;0.00;0.00;0.00;0.60;1.00;0.80;0.56;0.00;0.07;1.00;0.00;0.40;0.80;0.00;0.20;0.60;0.00;0.00;0.00;1.00;0.00;0.00;0.00;0.99;0.35
219935;0;1.00;1.00;0.33;0.89;0.86;1.00;0.25;0.09;0.18;0.67;1.00;0.50;0.01;0.00;0.00;0.00;0.00;-0.67;0.22;0.20;0.40;0.44;0.38;1.00;0.11;0.78;0.89;0.78;0.44;0.44;0.33;0.11;0.78;1.00;0.50;0.67;0.83;0.67;0.33;0.22;0.22;0.67;0.33;0.78;0.00;0.00;0.00;0.80;0.44;0.00;1.00;0.00;0.40;0.00;0.00;0.60;0.60;0.00;0.80;0.80;0.00;0.00;0.00;0.00;0.00;0.80;0.00;1.00;0.65
1659;4;0.00;0.99;0.33;0.89;0.43;0.33;0.43;0.45;0.55;0.67;1.00;0.50;0.02;-0.00;0.00;0.00;0.00;-0.33;0.33;0.40;1.00;0.11;0.75;0.44;0.78;0.22;0.78;0.78;0.56;1.00;0.44;0.44;0.33;0.67;0.33;0.83;0.83;1.00;0.33;0.44;0.22;0.22;0.78;0.11;0.00;0.00;0.00;0.20;0.33;0.00;0.56;0.00;0.40;0.00;0.60;0.60;0.00;0.60;0.60;0.00;0.00;0.60;0.00;0.60;0.00;0.00;0.00;0.99;0.35
52566;1;1.00;1.00;0.33;0.89;0.86;0.33;0.47;0.55;0.45;0.67;1.00;0.50;0.01;0.00;0.00;0.00;0.00;-0.33;0.33;0.80;0.60;0.33;0.50;0.56;0.33;0.44;0.22;0.89;0.89;1.00;0.44;0.78;0.78;0.83;1.00;0.83;1.00;0.67;0.44;0.56;0.56;0.78;0.56;0.44;0.00;0.00;0.00;0.60;0.11;0.00;0.56;0.00;0.33;0.00;0.40;0.20;0.60;0.60;0.20;0.00;0.80;0.40;0.00;0.40;0.40;0.40;0.00;0.99;0.38
140606;0;1.00;1.00;1.00;0.94;0.86;0.33;0.20;0.09;0.09;0.67;1.00;1.00;0.01;-0.00;0.00;0.00;0.00;-0.89;0.33;0.20;0.20;0.11;0.50;0.67;0.78;0.78;0.67;0.67;0.33;0.44;0.11;0.33;1.00;0.83;1.00;0.50;0.50;0.33;0.33;0.44;0.89;0.22;0.11;0.78;0.20;0.00;0.00;0.80;0.56;0.00;0.56;0.00;0.40;0.20;0.20;0.40;0.20;0.40;0.40;0.20;0.40;0.60;0.00;0.40;0.20;0.60;0.00;1.00;1.00
168482;4;0.00;0.94;0.33;0.17;0.43;0.33;0.62;0.82;1.00;0.33;1.00;0.50;0.07;-0.00;0.00;0.00;0.00;-0.63;0.87;0.39;0.24;0.34;0.52;0.50;0.49;0.56;0.65;0.41;0.65;0.71;0.56;0.63;0.53;0.63;0.80;0.56;0.54;0.57;0.50;0.58;0.59;0.49;0.38;0.52;0.24;0.08;0.19;0.28;0.68;0.17;0.63;0.07;0.40;0.44;0.39;0.21;0.24;0.19;0.35;0.27;0.47;0.69;0.33;0.47;0.52;0.67;0.45;0.99;0.53
120315;4;0.00;0.86;0.33;0.67;1.00;0.33;0.00;1.00;0.73;0.33;1.00;0.50;0.15;-0.00;0.00;0.00;0.00;1.00;1.00;0.20;0.20;0.33;0.75;0.33;0.78;0.67;0.22;0.22;0.44;0.89;0.89;0.89;0.22;0.33;0.50;0.33;0.50;0.33;0.89;1.00;1.00;0.89;0.22;0.56;0.40;0.20;0.60;0.20;0.56;0.00;0.44;0.00;0.27;0.40;0.40;0.60;0.60;0.40;0.40;0.20;0.20;0.40;0.20;0.20;0.20;0.40;0.00;0.99;0.38
7168;1;0.00;0.94;0.33;0.67;0.86;0.33;0.40;0.45;0.09;0.67;1.00;0.50;0.07;-0.00;0.00;0.00;0.00;-0.56;0.44;0.20;0.20;0.11;0.62;0.44;0.78;0.33;0.22;0.67;0.44;0.22;0.22;0.22;0.56;0.83;1.00;0.33;0.17;0.33;0.56;0.56;0.56;0.33;0.11;0.56;0.00;0.00;0.00;0.20;0.33;0.00;0.89;0.00;0.40;0.00;0.60;0.60;0.00;0.60;0.80;0.40;0.60;0.00;0.00;0.00;0.00;0.20;0.00;1.00;0.71
43965;4;0.00;0.95;0.33;0.89;0.71;0.33;0.67;0.91;0.82;0.67;1.00;0.50;0.06;-0.00;0.00;0.00;0.00;0.33;0.67;0.20;0.40;0.22;0.75;0.56;0.67;0.22;0.89;0.56;0.67;0.67;0.56;0.78;0.11;0.67;0.17;0.83;1.00;0.83;0.78;0.67;0.44;0.56;0.44;0.67;0.00;0.60;0.00;0.80;0.44;0.00;0.56;0.00;0.40;0.00;0.80;0.00;0.60;0.40;0.60;0.00;0.00;0.00;0.00;0.40;0.40;0.60;0.00;0.99;0.65
2294;0;1.00;1.00;1.00;0.94;0.43;0.33;0.39;0.45;0.18;0.67;1.00;1.00;0.01;-0.00;0.00;0.00;0.00;0.11;0.56;0.20;0.20;0.22;0.62;0.56;0.67;0.89;0.67;0.44;0.33;0.56;0.44;0.44;0.22;0.50;0.67;0.33;0.50;0.33;0.67;0.67;0.56;0.56;0.67;0.56;0.00;0.00;0.00;1.00;0.33;0.00;0.44;0.60;0.87;0.60;0.60;0.00;0.00;0.20;0.20;0.00;0.80;0.40;0.00;0.80;0.00;1.00;0.00;0.99;0.97
215964;4;0.00;0.84;0.33;0.39;1.00;0.67;0.62;0.82;0.73;0.33;1.00;0.50;0.17;0.02;0.00;0.00;0.00;0.56;1.00;0.20;0.20;0.11;0.50;0.56;0.11;0.56;0.22;0.11;0.56;0.11;0.56;0.78;0.44;0.33;0.67;0.50;0.50;0.17;0.78;0.89;0.78;0.67;0.33;0.44;0.00;0.00;0.00;0.40;0.89;0.00;0.44;0.00;0.40;0.40;0.60;0.40;0.60;0.20;0.20;0.20;0.60;0.40;0.00;0.20;0.20;0.20;0.00;0.99;0.71
201105;1;1.00;1.00;0.33;0.94;0.43;0.33;0.68;0.91;0.82;0.67;1.00;1.00;0.01;0.00;0.00;0.00;0.00;0.89;0.89;0.40;0.20;0.44;0.25;0.56;0.22;0.56;0.44;0.33;0.67;0.78;0.89;0.89;0.22;0.33;0.50;0.33;0.33;0.33;0.78;0.78;0.67;0.56;0.67;0.44;0.20;0.00;0.00;0.20;0.67;0.00;0.33;0.00;0.40;0.60;0.60;0.00;0.20;0.60;0.60;0.00;0.20;0.40;0.00;0.00;0.00;0.40;0.00;0.99;0.38
8900;4;1.00;1.00;1.00;0.89;0.86;1.00;0.56;0.73;0.82;0.67;1.00;0.50;0.01;0.00;0.00;0.00;0.01;-0.22;0.44;0.60;0.80;0.56;0.25;0.67;0.44;0.33;0.56;0.78;0.67;0.67;0.56;0.56;0.78;0.67;0.17;1.00;1.00;0.83;0.44;0.44;0.33;0.78;0.78;0.67;0.60;0.60;0.00;0.80;0.33;0.20;0.78;0.00;0.33;0.60;0.80;0.40;0.60;0.60;0.20;0.00;0.00;0.00;0.00;0.60;0.60;0.40;0.00;0.99;0.35
179594;3;0.00;0.98;0.33;0.89;0.43;1.00;0.52;0.64;0.73;1.00;1.00;0.50;0.03;-0.00;0.00;0.00;0.00;0.67;0.78;0.20;0.40;0.22;0.50;0.44;0.56;0.67;0.22;0.33;0.67;0.78;0.89;0.78;0.56;0.17;0.50;0.50;0.50;0.50;0.78;0.89;0.44;0.56;0.67;0.78;0.40;0.00;0.00;0.60;0.56;0.00;0.56;0.60;0.40;0.00;0.40;0.20;0.40;0.40;0.80;0.00;0.00;0.40;0.60;0.00;0.00;0.60;0.00;0.99;0.38
153370;4;0.00;0.97;0.33;0.39;0.71;1.00;0.56;0.73;0.91;0.67;1.00;0.50;0.04;-0.00;0.00;0.00;0.00;0.67;0.44;0.20;0.80;0.67;0.50;0.67;0.44;0.33;0.56;0.89;0.67;0.56;0.78;0.78;0.56;0.33;0.50;0.67;0.83;0.67;0.56;0.56;0.67;0.44;0.56;0.67;0.20;0.00;0.00;0.40;0.56;0.00;0.56;0.00;0.33;0.40;0.40;0.20;0.20;0.60;0.20;0.60;0.20;0.40;0.00;0.00;0.00;0.60;0.00;0.99;0.41
128913;3;1.00;1.00;0.33;0.89;0.86;1.00;0.77;0.91;0.45;0.67;1.00;0.50;0.01;-0.00;0.00;0.00;0.00;-0.78;0.22;0.20;0.60;0.11;0.62;0.67;0.89;0.67;0.22;0.22;0.67;0.33;0.11;0.33;0.22;0.67;0.67;0.67;0.67;0.83;0.33;0.33;0.11;0.11;0.11;0.11;0.00;0.00;0.00;0.00;0.11;0.00;0.11;0.00;0.07;1.00;0.00;0.00;0.00;0.00;0.00;0.00;0.00;0.00;0.00;0.00;0.00;0.00;0.00;1.00;0.68
157675;4;0.00;0.83;0.33;0.94;1.00;1.00;0.68;0.91;0.09;1.00;1.00;1.00;0.17;0.02;0.00;0.00;0.00;0.11;0.56;0.60;0.20;0.11;0.62;0.56;0.78;0.56;0.67;0.33;0.33;0.22;0.44;0.56;0.44;0.83;0.83;0.33;0.50;0.33;0.78;0.56;0.67;0.22;0.56;0.44;0.20;0.00;0.00;0.80;0.56;0.00;0.67;0.00;0.33;0.00;0.00;0.40;0.00;0.60;0.40;0.00;0.40;0.60;0.00;0.20;0.20;0.60;0.00;1.00;0.97
119560;3;1.00;1.00;0.33;0.89;0.43;1.00;0.70;0.91;0.91;0.67;1.00;0.50;0.01;-0.00;0.00;0.00;0.00;1.00;1.00;0.20;0.20;0.22;0.25;0.78;0.11;0.56;1.00;0.11;0.89;0.78;0.78;1.00;0.11;0.17;0.33;0.50;0.50;0.50;0.89;1.00;0.44;0.89;0.33;0.56;0.00;0.00;0.60;0.00;0.67;0.00;0.33;0.00;0.13;0.00;0.80;0.60;0.80;0.20;0.40;0.40;0.00;0.40;0.00;0.00;0.00;0.00;0.60;0.99;0.35
21276;4;0.00;0.93;0.33;0.89;0.71;0.33;0.49;0.64;0.36;0.67;1.00;0.50;0.08;-0.00;0.00;0.00;0.00;-0.33;0.33;0.20;0.60;0.56;0.88;0.44;0.78;0.78;0.33;0.67;0.56;0.44;0.44;0.33;0.33;0.67;0.83;0.67;0.67;0.83;0.22;0.56;0.33;0.22;0.67;0.33;0.00;0.00;0.00;0.40;0.44;0.00;0.56;0.00;0.40;0.80;0.00;0.00;0.60;0.20;0.80;0.00;0.00;0.40;0.00;0.60;0.00;0.40;0.00;0.99;0.68
42000;3;1.00;1.00;0.33;0.56;0.43;0.33;0.59;0.82;0.45;0.67;1.00;0.50;0.01;-0.00;0.00;0.00;0.00;0.22;0.78;0.20;0.20;0.11;0.62;0.44;0.67;0.56;0.33;0.44;0.56;0.78;0.56;0.67;0.56;0.33;0.50;0.50;0.50;0.50;0.67;0.78;0.78;0.44;0.11;0.78;0.40;0.00;0.00;0.60;0.44;0.00;0.67;0.40;0.87;0.40;0.20;0.60;0.40;0.20;0.20;0.20;0.00;0.60;0.60;0.00;0.00;0.80;0.00;0.99;0.38
21762;4;0.00;0.98;0.33;0.67;0.86;0.33;0.69;0.91;0.45;0.67;1.00;0.50;0.02;-0.00;0.00;0.25;0.00;0.33;0.78;0.20;0.20;0.22;0.75;0.44;0.89;0.78;0.89;0.22;0.22;0.44;0.56;0.56;0.33;0.50;0.83;0.33;0.17;0.33;0.78;0.78;0.78;0.78;0.56;0.44;0.20;0.00;0.00;0.20;0.78;0.00;0.22;0.00;0.40;0.60;0.40;0.60;0.40;0.20;0.40;0.20;0.40;0.80;0.20;0.00;0.00;0.20;0.00;0.99;1.00
100448;4;0.00;0.92;0.33;0.56;0.43;1.00;0.44;0.55;0.64;0.67;1.00;0.50;0.09;0.00;0.00;0.00;0.00;-0.33;0.33;0.20;0.80;0.33;0.38;0.78;0.33;0.67;0.56;1.00;0.67;0.67;0.67;0.44;0.44;0.83;1.00;0.67;0.67;0.83;0.44;0.44;1.00;0.56;0.22;0.56;0.20;0.00;0.40;0.80;0.33;0.00;0.78;0.00;0.33;0.20;0.60;0.60;0.20;0.60;0.20;0.20;0.00;0.40;0.00;0.60;0.00;0.60;0.00;0.99;0.38
88220;4;0.00;0.99;0.33;0.06;0.43;1.00;0.73;0.91;0.82;0.67;1.00;0.50;0.02;0.02;0.00;0.00;0.00;0.67;1.00;0.20;0.20;0.22;0.62;0.56;0.44;0.67;0.56;0.22;0.67;1.00;0.78;0.89;0.11;0.33;0.33;0.50;0.50;0.50;1.00;1.00;0.78;0.89;0.33;0.56;0.40;0.20;0.20;0.60;0.44;0.00;0.33;0.00;0.40;0.40;0.00;0.20;0.80;0.40;0.60;0.20;0.00;0.00;0.20;0.60;0.00;0.40;0.60;0.99;0.65
144119;0;1.00;1.00;0.33;0.94;0.43;0.33;0.60;0.82;0.73;0.67;1.00;1.00;0.01;-0.00;0.00;0.00;0.00;-0.23;0.93;0.24;0.45;0.26;0.49;0.56;0.58;0.46;0.64;0.56;0.54;0.36;0.60;0.59;0.36;0.69;0.61;0.54;0.56;0.52;0.60;0.59;0.53;0.64;0.44;0.47;0.16;0.27;0.29;0.31;0.47;0.15;0.51;0.01;0.43;0.56;0.35;0.16;0.32;0.40;0.36;0.40;0.36;0.48;0.49;0.40;0.64;0.61;0.33;0.99;0.41
170857;4;1.00;1.00;0.33;0.22;0.86;1.00;0.48;0.64;0.18;0.67;1.00;0.50;0.01;-0.00;0.00;0.00;0.00;-0.56;0.33;0.20;0.60;0.11;0.62;0.67;0.56;0.78;0.78;0.67;0.56;0.67;0.56;0.67;0.44;1.00;0.50;0.67;0.83;1.00;0.56;0.56;0.56;0.67;0.33;0.22;0.20;0.40;0.00;0.80;0.44;0.00;0.44;0.00;0.33;0.00;0.00;0.00;0.20;0.80;0.20;0.00;0.60;0.60;0.00;0.00;0.60;0.60;0.00;1.00;0.65
223030;0;0.00;0.99;0.33;0.89;0.86;1.00;0.79;0.91;0.09;0.67;1.00;0.50;0.02;-0.00;0.12;0.00;0.00;-1.00;0.22;0.60;0.80;0.11;0.75;0.56;0.89;0.44;0.44;0.67;0.11;0.11;0.22;0.11;0.11;1.00;1.00;0.67;0.67;1.00;0.33;0.44;0.33;0.11;0.33;0.56;0.00;0.00;0.00;1.00;0.56;0.00;0.78;0.00;0.60;0.00;0.00;0.00;0.00;0.20;0.40;0.00;0.00;1.00;0.00;0.60;0.80;0.40;0.00;1.00;0.97
220618;4;0.00;0.90;0.33;0.28;1.00;1.00;0.27;0.18;0.91;0.67;1.00;0.50;0.11;-0.00;0.00;0.00;0.00;0.56;0.78;0.40;0.40;0.44;0.50;0.56;0.44;0.33;0.78;0.44;0.78;0.33;0.56;0.89;0.11;0.50;0.17;0.67;1.00;0.50;0.89;0.89;0.67;0.67;0.78;0.22;0.00;0.00;0.00;0.60;0.56;0.00;0.56;0.00;0.40;0.40;0.80;0.40;0.40;0.20;0.40;0.20;0.40;0.20;0.20;0.20;0.20;0.20;0.00;0.99;0.35
165379;4;0.00;0.86;0.33;0.89;1.00;0.33;0.59;0.82;0.45;0.67;1.00;0.50;0.15;0.02;0.00;0.00;0.00;0.33;0.89;0.20;0.20;0.11;0.38;0.78;0.56;0.33;0.11;0.33;0.67;1.00;0.67;0.56;0.56;0.17;0.67;0.33;0.17;0.33;0.78;0.67;0.67;0.67;0.11;0.44;0.60;0.20;0.60;0.20;0.67;0.00;0.78;0.00;0.40;0.40;0.00;0.60;0.60;0.80;0.60;0.00;0.40;0.00;0.00;0.00;0.00;0.20;0.00;0.99;0.71
70811;0;0.00;0.74;0.33;0.67;1.00;0.33;0.00;1.00;0.27;0.33;1.00;0.50;0.26;-0.00;0.00;0.00;0.01;0.22;0.56;0.40;0.20;0.11;0.75;0.11;0.67;0.67;0.11;0.56;0.56;0.44;0.67;0.44;0.44;0.17;0.83;0.50;0.33;0.50;0.67;0.89;0.89;0.44;0.67;0.67;0.00;0.00;0.00;0.20;0.78;0.40;0.78;0.00;0.40;0.60;0.00;0.20;0.60;0.60;0.60;0.40;0.40;0.00;0.00;0.00;0.00;0.40;0.00;0.99;1.00
144252;0;0.00;0.99;0.67;0.94;0.43;1.00;0.73;0.91;0.82;0.67;1.00;1.00;0.02;-0.00;0.06;0.00;0.00;0.33;0.56;0.20;0.40;0.22;0.75;0.33;0.56;0.56;0.67;0.56;0.89;0.33;0.44;0.78;0.44;0.67;0.33;0.67;0.67;0.67;0.67;0.78;0.44;0.22;0.56;0.22;0.00;0.00;0.00;0.40;0.44;0.00;0.78;0.00;0.40;0.00;0.40;0.40;0.00;0.80;0.60;0.40;0.00;0.00;0.00;0.00;0.40;0.40;0.00;0.99;0.35
134537;3;1.00;1.00;0.33;0.39;0.43;0.33;0.50;0.64;0.91;0.67;1.00;0.50;0.01;-0.00;0.00;0.00;0.00;1.00;0.78;0.20;0.60;0.11;0.38;0.67;0.44;0.44;0.78;0.44;0.67;1.00;0.67;1.00;0.44;0.33;0.67;0.83;0.67;0.83;0.89;1.00;0.44;0.89;0.44;0.11;0.80;0.00;0.00;0.40;0.67;0.00;0.33;0.00;0.40;0.40;0.80;0.40;0.00;0.00;0.40;0.80;0.40;0.80;0.00;0.00;0.60;0.40;0.00;0.99;0.38
37861;0;0.00;0.99;0.33;0.72;0.86;1.00;0.53;0.64;0.82;0.67;1.00;0.50;0.02;-0.00;0.00;0.00;0.01;0.44;0.56;0.20;0.20;0.11;0.62;0.22;0.56;0.33;0.44;0.78;0.44;0.11;0.78;0.78;0.56;0.33;0.50;0.50;0.33;0.50;0.67;0.78;0.67;0.22;1.00;0.22;0.00;0.00;0.00;0.40;0.11;0.20;0.67;0.00;0.40;0.60;0.00;0.20;0.00;0.40;0.40;0.00;1.00;0.00;0.00;0.40;0.60;0.00;0.00;0.99;0.41
181981;0;1.00;1.00;0.33;0.89;0.86;1.00;0.32;0.27;0.64;0.67;1.00;0.50;0.01;-0.00;0.00;0.00;0.00;-0.11;0.56;0.60;0.40;0.44;0.25;1.00;0.22;0.33;0.56;0.78;0.78;0.78;0.67;0.56;0.67;0.50;0.33;0.67;0.67;0.67;0.33;0.44;0.44;0.44;0.44;0.78;0.40;0.00;0.00;0.40;0.44;0.00;0.89;0.00;0.27;0.00;0.40;0.00;0.80;0.20;0.40;0.40;0.80;0.40;0.00;0.00;0.00;0.60;0.00;0.99;0.35
103789;4;0.00;0.85;0.33;0.89;1.00;0.33;0.44;0.55;0.09;0.33;1.00;0.50;0.16;0.02;0.00;0.00;0.00;-0.33;0.33;0.20;0.20;0.11;0.50;0.44;0.67;0.67;0.22;0.44;0.56;0.44;0.11;0.56;0.33;0.83;1.00;0.50;0.50;0.50;0.44;0.44;0.22;0.22;0.44;1.00;0.00;0.00;0.00;0.00;0.33;0.00;0.78;0.00;0.40;0.60;0.00;0.00;0.40;0.60;0.80;0.00;0.00;0.60;0.80;0.00;0.00;0.00;0.00;1.00;0.41
92837;2;0.00;0.97;0.33;0.89;0.86;0.33;0.41;0.45;0.64;0.67;1.00;0.50;0.04;-0.00;0.06;0.00;0.00;0.11;0.67;0.60;0.40;0.33;0.38;0.78;0.44;0.33;0.44;0.56;0.67;0.22;0.56;0.67;0.22;0.50;0.50;0.67;0.83;0.67;0.56;0.44;0.22;0.56;0.67;1.00;0.00;0.00;0.00;0.40;0.67;0.00;0.67;0.00;0.13;0.00;1.00;0.60;0.00;0.40;0.20;0.80;0.80;0.00;0.00;0.00;0.00;0.60;0.00;0.99;0.65
89033;4;0.00;0.98;0.33;0.89;0.86;0.33;0.46;0.55;0.36;0.67;1.00;0.50;0.02;0.00;0.00;0.00;0.00;0.11;0.78;0.60;0.20;0.11;0.62;0.22;0.78;0.44;0.89;0.22;0.33;0.67;0.67;0.67;0.22;0.50;0.67;0.33;0.33;0.50;0.78;0.78;0.56;0.67;0.89;0.67;0.00;0.00;0.00;0.80;0.56;0.00;0.44;0.00;0.27;0.40;0.60;0.00;0.80;0.40;0.20;0.00;0.00;0.40;0.00;0.00;0.60;0.60;0.00;0.99;0.97
145580;4;0.00;0.95;0.33;0.67;0.43;1.00;0.36;0.36;0.64;0.33;1.00;0.50;0.06;-0.00;0.00;0.00;0.00;0.56;0.89;0.20;0.20;0.11;0.50;0.56;0.44;0.44;0.44;0.44;0.67;0.56;0.78;0.78;0.56;0.33;0.67;0.17;0.17;0.17;0.78;0.67;0.89;0.67;0.44;0.78;0.40;0.20;0.00;0.60;0.56;0.00;0.56;0.00;0.40;0.40;0.20;0.20;0.80;0.40;0.60;0.20;0.20;0.20;0.20;0.00;0.20;0.60;0.00;0.99;0.41
34676;4;0.00;0.77;0.33;0.89;1.00;1.00;0.69;0.91;0.73;0.33;1.00;0.50;0.24;-0.00;0.00;0.00;0.00;0.22;0.67;0.20;0.40;0.11;0.38;0.78;0.33;0.44;0.89;0.44;0.56;0.89;0.56;0.67;0.78;0.17;0.50;0.67;0.67;0.50;0.56;0.67;0.56;0.78;0.33;0.67;0.40;0.00;0.00;0.00;0.56;0.00;0.78;0.00;0.40;0.60;0.60;0.20;0.80;0.20;0.60;0.40;0.00;0.60;0.00;0.00;0.00;0.00;0.00;0.99;0.71
141500;0;0.00;0.99;0.33;0.22;0.86;1.00;0.52;0.64;0.82;0.67;1.00;0.50;0.02;-0.00;0.00;0.00;0.00;0.22;0.78;0.80;0.40;0.44;0.25;0.78;0.11;0.44;1.00;0.44;0.89;0.11;0.67;0.67;0.44;0.67;0.17;0.67;1.00;0.67;0.67;0.78;0.67;0.22;0.11;0.33;0.00;0.00;0.00;0.20;0.78;0.00;0.56;0.00;0.40;0.40;0.00;0.20;0.40;0.60;0.80;0.00;0.80;0.00;0.40;0.00;0.20;0.00;0.00;0.99;0.65
122604;4;0.00;0.74;0.33;0.89;1.00;0.33;0.46;0.55;0.55;1.00;1.00;0.50;0.26;0.02;0.00;0.00;0.00;-0.11;0.67;0.60;0.20;0.11;0.25;0.78;0.22;0.78;0.78;0.33;0.33;0.56;0.56;0.78;0.78;0.67;0.33;0.33;0.50;0.33;0.78;0.56;0.56;0.56;0.22;0.67;0.20;0.00;0.00;0.80;0.56;0.00;0.78;0.00;0.40;0.00;0.60;0.40;0.00;0.40;0.80;0.00;0.00;0.00;0.80;0.40;0.60;0.40;0.00;1.00;0.65
108096;4;0.00;0.97;0.33;0.67;0.29;0.33;0.35;0.36;0.36;0.33;1.00;0.50;0.04;-0.00;0.00;0.00;0.00;-0.22;0.44;0.60;0.40;0.22;0.50;0.78;0.44;0.78;0.78;0.67;0.33;0.44;0.56;0.44;0.67;0.67;0.33;0.67;0.83;0.67;0.44;0.56;0.56;0.56;0.67;0.67;0.00;0.40;0.00;0.40;0.67;0.00;0.78;0.00;0.40;0.00;0.40;0.40;0.40;0.40;0.60;0.00;0.00;0.40;0.00;0.40;0.40;0.20;0.00;0.99;0.35
154747;4;0.00;0.97;0.33;0.22;0.86;0.33;0.43;0.45;0.18;0.67;1.00;0.50;0.04;0.00;0.00;0.00;0.00;-0.22;0.67;0.20;0.20;0.11;0.38;0.67;0.44;0.56;0.78;0.56;0.44;0.67;0.56;0.67;0.44;0.50;0.83;0.33;0.17;0.33;0.67;0.56;0.78;0.33;0.33;0.67;1.00;0.00;0.00;0.60;0.67;0.00;0.78;0.00;0.33;0.40;0.40;0.60;0.40;0.60;0.20;0.20;0.00;0.60;0.00;0.00;0.00;0.80;0.00;0.99;1.00
